route	rank	name	point	zige_point	level	totlewin	totlelose	weekwin	weeklose
2	1	08*TuyetKi3uPhong	425	200	96	197	121	14	8
2	2	22*TuyetKj3uPhong	422	190	96	202	126	19	13
2	3	07*ooMasterYi	384	175	99	150	96	8	4
2	4	02*ZIiTransformer	380	170	99	87	44	8	3
2	5	66*zTSzSoiStyle1st	373	170	96	115	71	9	2
2	6	07*TLDQuangTeo01	372	165	96	36	11	8	5
2	7	03*1PMrMapLaoDai	363	150	98	269	219	48	41
2	8	08*TTPGiangNhatLam	372	150	96	564	481	59	54
2	9	09*Jx2iNgoaLong	376	140	95	123	73	7	3
2	10	17*ChipSexyboy2	153	100	96	35	46	1	6
2	11	23*IzAlejandro	303	100	97	71	62	6	4
2	12	01*ThÇn§aoC¸ChÐp	311	100	94	47	31	7	6
2	13	09*ZzzTrauKoPkaiBo	321	100	99	30	15	11	10
2	14	16*xxXxxNhjcKxxXxx	409	100	95	207	147	19	10
2	15	15*ZzZo0oXxX	318	100	99	87	69	9	8
2	16	20*DongHiep	322	100	99	79	63	5	4
2	17	04*G4meOver	350	100	95	103	64	7	2
2	18	11*TµnChÝQu¸i§ao	337	100	95	59	79	17	13
2	19	10*SkyRunner	330	100	99	145	125	8	4
2	20	14*o0WaterBuffal0o	207	90	99	14	16	3	6
2	21	25*HLxS2oIoVuaPk	246	90	98	68	58	4	5
2	22	09*QuyDuHaTien	322	90	99	109	91	37	34
2	23	01*ICaChepI	276	90	91	27	22	7	2
2	24	03*DatMaDao	265	90	95	46	38	5	4
2	25	01*zZ4jZ4jn3v3rCrY	252	85	98	79	81	5	6
2	26	07*ZHarryPotter	291	85	98	68	53	8	9
2	27	02*ductien1011dx	306	85	98	188	165	16	16
2	28	08*AcQuyCuongDam	314	85	99	73	54	4	5
2	29	09*1stSpring	350	85	99	112	91	14	10
2	30	03*IzoPigUNu	239	85	96	56	45	6	3
2	31	02*oTuyetKjeuPhong	390	80	96	169	108	20	14
2	32	08*DavidHËu	330	80	99	84	54	6	3
2	33	07*Truy3nThuy3tTLD	349	80	96	90	58	7	3
2	34	02*C«ngAnTh«n	280	75	99	35	24	5	4
2	35	08*achung	298	75	96	79	65	52	51
2	36	16*xxRayleighxx	383	75	99	356	292	16	13
2	37	09*hoangkilong	284	75	99	186	167	11	11
2	38	07*zTBoKimHoµn	334	70	99	22	9	12	4
2	39	08*DavidHau2828	323	65	99	68	52	7	2
2	40	07*IoS¬nTiªnSinhBN	167	65	97	15	18	2	7
2	41	68*GzTuKy	360	60	96	71	38	14	9
2	42	08*ooRedbull	319	60	97	99	84	58	55
2	43	35*iiiiiiHoLy	358	55	97	133	67	7	4
2	44	22*HuyenThoaiTLDNo1	363	55	97	242	187	13	7
2	45	02*ixNgaoOp	291	0	98	12	2	12	2
2	46	09*SilentLong	305	0	99	48	33	4	5
2	47	08*69XÕpH×nh	336	0	95	41	24	12	7
2	48	15*IxS2xINhøcN¸ch	266	0	98	74	64	6	5
2	49	25*YuongAlistar	316	0	92	21	6	9	6
2	50	11*s2oPhi§ao	240	0	92	25	22	4	5
2	51	01*oIiHPxKhiCoEm	308	0	99	18	5	11	5
2	52	08*izMiroslavKlose	335	0	96	49	26	6	3
2	53	25*NeverBetting	331	0	98	65	31	7	3
2	54	66*ZozzzzzNgayMaiz	280	0	96	8	1	8	1
2	55	14*§éngVËtQuýHiÕm	303	0	97	55	45	19	17
2	56	62*GiangHoTjeuTu	239	0	98	40	33	5	6
2	57	43*ChemGiokr	342	0	95	79	56	8	8
2	58	09*KP3iiNhatDao	239	0	97	51	47	51	47
2	59	15*oOoMaDaoZzZ	333	0	96	134	107	12	12
2	60	70*nhovaem	289	0	96	100	89	3	6
2	61	08*TheSilentOfLove	341	0	96	95	69	16	14
2	62	07*o0oVuaDauBepo0o	360	0	98	56	26	13	9
2	63	22*oHoaVinho	321	0	99	81	61	17	13
2	64	08*KMSuVuong	309	0	98	16	3	16	3
2	65	39*o0KjmTheDuy0o	319	0	99	70	53	6	7
2	66	07*TenoScorpioHero	255	0	99	44	41	5	5
2	67	07*oOoBDKuTaioOo	284	0	99	35	24	11	12
2	68	24*ZoZNghiaHeRoZoZ	268	0	97	63	59	4	5
2	69	07*AcQuyCuongDao	301	0	99	62	45	6	3
2	70	20*KeHuiDiet	255	0	96	49	44	5	4
2	71	07*izFilezi	342	0	99	18	4	18	4
2	72	08*biebie	297	0	97	37	25	12	2
2	73	01*iSingleManzz	246	0	99	9	3	9	3
2	74	43*oOThangBOzz	318	0	99	68	48	5	4
2	75	17*ColgateMaxFresh	239	0	96	17	14	6	3
2	76	50*¢uD­¬ngTiªnSinh	357	0	96	84	46	6	3
2	77	32*xTayMonDaiKax	189	0	97	107	107	3	6
2	78	17*iPaNaDol	180	0	97	59	63	3	4
2	79	62*oIvLýDiªnT«nGvIo	156	0	96	15	18	1	14
3	1	22*zThPzThunderII	394	190	94	117	56	22	11
3	2	09*zRainDropzCZ	396	190	98	114	47	10	7
3	3	07*DauTroCxx9Cham	382	175	97	148	106	21	15
3	4	03*o0Kh«ngYªu0o	389	175	96	254	201	30	22
3	5	08*xxxCoGiaoThao	388	170	98	220	171	19	12
3	6	03*VIPPoseidon	370	160	98	212	140	18	16
3	7	01*ZzALitXangDerZz	366	140	99	185	142	55	45
3	8	10*HrThichTamMua	276	100	97	28	18	7	9
3	9	16*Jx2OngBak	441	100	93	94	44	12	3
3	10	22*zS2zKhongCamXucz	362	100	99	143	90	17	9
3	11	17*NhiuDinhPro	362	100	97	106	76	24	18
3	12	08*oiATK90	351	100	99	169	132	9	6
3	13	15*CaSaSanPum	347	100	99	58	33	15	14
3	14	09*iliYugoS2Yuri	344	100	98	92	55	7	7
3	15	20*JenyFerTuyÕt§ªm	309	100	97	86	66	5	4
3	16	62*0o0DnINOMAX0o0	350	100	98	237	192	14	11
3	17	66*MrMaCaRong	333	100	96	73	57	13	9
3	18	04*zIzLoveAlice	330	100	97	84	59	7	2
3	19	01*93HyKonGaNay	324	100	99	104	88	18	17
3	20	14*ZaTruTri	322	100	86	284	232	12	9
3	21	06*IZkenvin	306	100	99	72	61	6	3
3	22	66*toanthangai1	253	90	94	52	48	4	5
3	23	10*sIsBlue	261	90	99	21	13	6	3
3	24	06*BijLarDens777	272	90	97	20	14	5	4
3	25	02*NinePisff	294	90	99	88	74	6	6
3	26	17*zDanChoiNuaMua	303	90	97	142	123	46	46
3	27	62*ooMrKotexoo	317	90	95	43	31	8	7
3	28	25*QuatarKill	275	90	99	121	110	26	23
3	29	22*Fc37Saker191	281	90	98	20	10	6	3
3	30	07*SexxyBaby	354	90	96	50	28	34	27
3	31	15*StickMan	318	90	99	105	87	5	5
3	32	22*73zXlNguoiAYeu	348	90	98	131	82	8	2
3	33	04*DoanThePhi	336	90	98	106	67	6	3
3	34	11*zMagicWand	246	90	97	24	21	2	7
3	35	02*D0oH0agVinho0C	323	85	98	64	45	6	3
3	36	08*iiHDx981	302	85	96	213	163	5	5
3	37	15*oS2oThjckChoiGaj	334	85	96	16	3	6	3
3	38	01*TLTxxQuªn§iEm	326	85	98	74	49	6	3
3	39	07*zXz1StDatMaToSu	346	85	99	173	143	39	34
3	40	17*NTTUniversity	303	85	96	107	90	14	13
3	41	25*zVeLajNoiSua	256	85	96	48	48	5	4
3	42	22*iSvLaHanDayXeBo	368	80	92	97	49	7	4
3	43	08*iS2iDongDong	310	80	99	100	83	6	4
3	44	09*1stTroVezMH	302	80	99	89	71	5	4
3	45	17*oS2oWhyNot	261	80	99	40	37	5	5
3	46	01*tltVIP	330	80	99	58	43	10	8
3	47	03*xzInCREDiBleHS	353	80	97	33	14	16	9
3	48	15*S2Anh4BanIphone	253	80	94	90	82	5	4
3	49	06*TieuHaiAu	253	80	97	32	24	12	6
3	50	11*xThienMaLoanVux	245	80	99	28	21	5	4
3	51	01*ZxLªQuúnhxZ	259	75	99	59	63	3	6
3	52	03*iIiMarky	289	75	99	61	52	5	4
3	53	15*z0zDevidz0z	256	75	96	26	22	9	9
3	54	17*zQuyetMaTroVez	248	75	99	21	18	3	6
3	55	08*xTLTxHandSome	241	70	99	56	45	2	7
3	56	01*§ãngG¹ch	243	70	99	29	28	10	5
3	57	09*AcBienHoaHCM	380	70	99	37	17	22	16
3	58	03*oUSAoVagabondz	260	70	98	67	56	4	6
3	59	02*TjeuNga0GjangH0	284	70	99	47	56	6	7
3	60	09*zHoAngTuMap	294	70	97	75	64	4	5
3	61	07*MrChjPhe0	313	70	98	42	28	5	4
3	62	50*73zHiIamDauTroc	359	65	98	107	73	6	4
3	63	62*ductrung	260	65	99	30	39	7	2
3	64	09*oS2oAnMinh	305	65	98	148	127	15	15
3	65	02*xzHoangDiepzx	262	65	97	55	43	5	4
3	66	08*Jx2TrulLuiDaiSu	373	65	94	76	33	11	4
3	67	07*zFBCzKhoaiTo17cm	290	60	97	35	32	5	4
3	68	09*S2AnhEm	296	60	96	84	66	5	4
3	69	08*L0ngTieuTu	314	60	96	54	41	7	2
3	70	02*oHuyenThoaiTLTo	272	60	99	57	68	6	6
3	71	07*OzTr­îngH­V«z0	251	55	97	39	30	5	4
3	72	02*St0zTruongCuiz0	261	55	99	67	63	16	17
3	73	08*ooAnh6	367	55	96	360	289	25	20
3	74	09*ooooMrCat	261	55	99	63	58	4	5
3	75	16*tamquocchi	353	55	99	109	78	9	7
3	76	09*BacKieuPhongTLT	242	50	99	107	100	64	61
3	77	08*ZTLTzThanTUongZ	302	50	98	25	13	17	11
3	78	16*SoDaCoCa	296	0	99	63	43	12	12
3	79	20*zZHrChi	271	0	91	49	41	5	4
3	80	35*izLyThienVuongz	290	0	97	39	24	5	6
3	81	09*zThIcHPk	269	0	99	22	15	10	7
3	82	03*TrÇnCh©n	285	0	98	24	12	8	4
3	83	33*ThieuLam3G	349	0	99	36	17	7	2
3	84	25*IzzLaDyKiller	264	0	99	19	11	12	8
3	85	08*TruongHuyen9495	323	0	97	31	17	7	4
3	86	03*hacbachmy	260	0	97	16	9	6	8
3	87	07*Z0iavaochua0Z	282	0	96	32	22	6	3
3	88	68*MTzVoDanhTang	303	0	96	65	50	5	4
3	89	08*TNooMaiYeuEm	272	0	99	43	36	5	4
3	90	09*o0oAlex	308	0	96	57	60	4	5
3	91	35*TLTTeLeTeLe	317	0	98	101	75	13	12
3	92	02*AnhViet86	246	0	97	61	60	6	3
3	93	07*ZxLamTuan88xZ	244	0	98	7	3	7	3
3	94	03*TLTNo1ThanhNam	338	0	99	334	286	13	10
3	95	20*JX2No1ThanhNam	333	0	99	356	303	21	17
3	96	07*§ÇuGÊuC«nL«n	297	0	99	24	14	24	14
3	97	06*Kh«ngLïiB­íc	251	0	99	10	4	8	4
3	98	09*CoGiaoThaoVN	342	0	98	200	156	14	11
3	99	20*1stPHA*TN	262	0	96	19	11	14	11
3	100	03*KMiSieuXayDa	311	0	96	80	58	17	14
3	101	20*oCQzCaSaToanMiss	276	0	98	8	1	8	1
3	102	08*OmBomTuSat	333	0	98	136	113	21	16
3	103	07*ZzNguynVanNamzZ	302	0	97	18	8	9	0
3	104	07*1stCaXaVaoMom	253	0	97	18	12	18	12
3	105	04*zS2zLightKingGx3	345	0	96	29	7	7	4
3	106	02*oHoBOVOTUIoHo	283	0	96	91	79	12	13
3	107	15*DoHaiBang2012	241	0	99	19	14	7	2
3	108	08*S2VpSuThuc	253	0	99	7	2	7	2
3	109	14*osGoTioss	265	0	99	16	10	14	9
3	110	17*QuyenBaDao	336	0	99	38	22	24	20
3	111	20*S2oMyLifeLonely	315	0	96	66	52	7	2
3	112	07*LÝnhPro010	258	0	98	47	45	24	18
3	113	11*520zWhereDoWeGo	303	0	97	40	31	22	23
3	114	35*1StzTroVeCatBuiz	305	0	98	62	50	7	2
3	115	03*AEzMytusCZ	360	0	99	81	45	8	2
3	116	08*RollsRoice	272	0	99	37	29	8	1
3	117	39*IoIOnePecieIoI	287	0	92	34	23	5	4
3	118	08*ZzCaSavoDoiZsss	256	0	99	73	65	2	7
3	119	02*NguoiKoMangHo	296	0	99	30	25	9	0
3	120	16*HoaBanXuongNui	248	0	96	52	47	4	5
3	121	07*xxx1CuKhoai9	291	0	99	37	28	21	23
3	122	07*KcvPervertMonk	300	0	98	73	59	6	4
3	123	09*zBritainUSx	255	0	98	61	60	5	4
3	124	22*U40No1ThanhNam	346	0	99	371	312	15	8
3	125	07*aAaToiCoDon	314	0	99	32	17	9	10
3	126	01*ChuTieuTlt	254	0	99	108	101	7	2
3	127	07*iZiGeorge	254	0	99	59	89	5	4
3	128	03*oBatKhoc	272	0	99	43	37	5	5
3	129	22*IzBuddhaSaid	265	0	96	18	9	9	5
3	130	17*S2z§¹iS­MªG¸izZ	252	0	97	51	43	5	4
3	131	02*LoDich32Rang	336	0	96	16	3	8	1
3	132	39*zzzKaRaOKezzz	329	0	98	117	95	14	11
3	133	07*§¹iS­Xèn	248	0	99	60	54	4	5
3	134	08*iTrynDameRE	282	0	99	28	18	8	1
3	135	91*KhongMinhxz	253	0	99	35	26	7	5
3	136	08*OMGNice	253	0	96	41	41	14	9
3	137	20*SuperSoi	258	0	97	67	60	7	2
3	138	07*iZichjmchjch	266	0	99	88	95	7	2
4	1	14*zN4zTizan	420	190	96	266	169	12	4
4	2	03*NVzOngPhonCZ	410	190	99	133	64	10	5
4	3	08*S2xVuDieuTango	406	185	98	159	110	21	14
4	4	11*Ares11o2	402	180	99	99	45	9	4
4	5	22*NzGaYeuVit	398	165	98	186	124	15	8
4	6	22*NDHzzBoGia	386	160	99	191	89	9	1
4	7	03*zChanSutVoDichz	394	160	99	95	50	9	5
4	8	15*oS2oTaySoBaVuong	380	150	99	291	235	20	16
4	9	14*zN4zCay7Mon	392	150	99	338	292	17	9
4	10	22*zTNzYnPonTus	385	145	99	60	13	9	1
4	11	02*o0thu4nthi3n0o	323	100	99	81	60	4	5
4	12	22*zG69ShockEva	353	100	97	71	37	8	7
4	13	22*FMLzQuanKKzzzzz	374	100	99	83	48	16	7
4	14	23*QfxxSocLaSucXX	347	100	99	78	56	6	4
4	15	01*ZxKiepVeSauxZ	340	100	99	29	14	13	11
4	16	09*QMzNhokSieuQuay	363	100	99	101	63	12	12
4	17	17*iZzDaiKadiINOVA	339	100	99	161	137	5	4
4	18	04*oFAoJx2RedLion	331	100	99	82	63	21	18
4	19	14*zN4zKaido	327	100	99	159	114	10	9
4	20	20*x60xziLQPiz1994	324	100	99	49	32	11	9
4	21	66*IQuyÕtYªuEmI	323	100	93	73	58	17	18
4	22	25*iiiSutToMoDit	317	100	97	47	31	4	5
4	23	02*IoGodWarZ	313	90	98	283	232	33	35
4	24	23*oIoLongTamoIo	338	90	97	164	126	11	10
4	25	10*NoBiNoBiTaSan	356	90	99	63	43	7	2
4	26	66*zHotHayHayHotz	335	90	99	71	47	5	4
4	27	07*zThuKhoGoiTenEmz	334	90	99	102	75	6	3
4	28	15*iiBvLeeMyHomexx	373	90	99	271	205	33	25
4	29	08*zDKziWonHwangNAM	373	90	98	292	241	18	13
4	30	03*iiovzZBuBuMap	357	85	97	47	24	6	3
4	31	07*oSlgzDarkPrince	335	85	99	63	31	6	3
4	32	09*AcEzzSeanShizz	357	85	99	79	57	14	10
4	33	66*oIoKenny	320	85	97	85	61	9	8
4	34	25*ADuVactTutQuan	320	85	99	128	111	5	4
4	35	23*zoanhcuocII	314	85	99	75	58	10	11
4	36	07*1stHanhS2Yen	397	85	99	183	118	16	12
4	37	08*xoxTraiQue	358	85	92	120	74	18	15
4	38	04*JX2oKhongQuanTam	317	85	96	150	137	11	11
4	39	15*zZzVoTinhzZz	316	85	99	104	83	5	5
4	40	20*MrHoAngPro	310	85	96	62	53	6	3
4	41	11*thienlan	313	80	99	79	68	9	10
4	42	04*zDeadLine	328	80	99	29	13	7	2
4	43	03*KNzGjaPhong	352	80	99	178	141	7	4
4	44	23*NganNoiNhoDenEm	352	80	98	104	71	21	18
4	45	08*Jx2FcxChiViEmz	331	80	99	24	6	5	4
4	46	14*HPzGaTapSut	324	80	99	102	85	6	3
4	47	07*XzXThiEnBa0XzX	353	80	98	192	156	7	2
4	48	20*MrHoangLong	311	80	96	65	59	15	14
4	49	03*iiovzZBuBuRom	357	75	99	148	100	6	3
4	50	07*KRChanKhongGiay	321	75	99	47	29	5	4
4	51	17*oHPoChiLaQuaKhu	325	75	97	87	67	8	4
4	52	04*CoolBoy2015	312	75	97	72	56	5	4
4	53	14*IzBatGioiPk96zI	323	75	98	70	59	5	4
4	54	22*FBIoSaoPhaiNghi	320	70	99	46	31	7	6
4	55	17*iizLongBuiTrAnDJ	360	70	99	86	50	7	2
4	56	08*14SutToanTruot	362	70	99	156	112	7	2
4	57	06*iConTraiHuyenTu	314	70	99	106	82	6	3
4	58	17*AG7NuiAGCP	348	70	99	103	69	8	2
4	59	11*HITMANSHAOLlN	384	70	98	79	33	8	1
4	60	07*iiMysteryDream	346	70	99	57	43	9	7
4	61	02*PhaGioiDaiTang	340	70	98	207	180	8	3
4	62	11*LuuTinhCoDonvh	313	70	96	29	15	7	5
4	63	22*HHzQuyenCuocft	330	65	99	149	111	28	26
4	64	04*IIxDanBachPhong	318	65	99	42	27	7	2
4	65	02*U30OngGiaVL2	358	65	99	186	150	9	5
4	66	09*Janitors	321	65	96	108	92	6	4
4	67	01*zzzPinLMzz	315	65	99	67	50	14	12
4	68	08*HHoQuyenCuoc	340	65	99	135	97	14	12
4	69	09*zL2Thelegend1	314	60	99	69	51	6	3
4	70	11*LiKaChiÒu	323	60	96	32	20	13	10
4	71	07*S2PeLeNo1S2	317	60	95	105	80	5	4
4	72	08*IoLangTuPhieuBac	343	60	99	197	149	15	11
4	73	08*GiaoCauTreEm	335	55	99	175	143	17	14
4	74	01*ByeByeTLQ	309	50	96	43	28	7	3
4	75	08*zvVOTONGzv	318	50	98	34	18	6	5
4	76	07*Jx2GaPKTLQ	323	50	96	134	102	6	3
4	77	24*QfxxkuToNhuPic	316	0	99	67	51	6	3
4	78	06*IoHoaVoKhuyet2	323	0	87	135	108	6	3
4	79	15*ConGaTLQ23	311	0	99	96	87	5	4
4	80	22*o0KoEmYeu	317	0	96	74	58	6	3
4	81	24*AnhKhongDoiQua	311	0	99	144	131	6	6
4	82	09*oZiiiTienDong	336	0	99	33	16	6	3
4	83	04*iMrBeCo	316	0	98	97	76	6	3
4	84	20*oNoOneElse	366	0	98	96	45	11	8
4	85	09*XuatSu9x	319	0	99	52	47	7	2
4	86	22*KNoGjaPhong	340	0	99	163	134	8	5
4	87	03*zExpectation	359	0	99	93	55	7	2
4	88	19*zHotHayHayHotz	311	0	99	60	38	6	6
4	89	20*banghaidt123456	356	0	99	275	247	7	3
4	90	50*oDJoAmsterdamo	369	0	99	97	65	8	3
4	91	50*Jx2RedMoon	372	0	99	246	198	9	7
4	92	07*iPNzMeoBeo	331	0	97	35	20	5	4
4	93	12*zIzPhuDu	350	0	99	142	122	6	3
4	94	07*S2oShinichi	312	0	97	130	114	23	20
4	95	90*sOsiKey	354	0	95	85	62	6	3
4	96	33*1BKV1102	359	0	99	137	75	11	7
4	97	06*zzxichlong86zz	314	0	96	123	108	11	11
4	98	09*zKSIzLuxuryX3	340	0	99	17	3	6	3
4	99	02*BoyThanCuocNo1	331	0	99	242	210	5	4
4	100	02*GkzGiantBeast	352	0	99	45	23	19	12
4	101	03*10DiegoMaradona	339	0	99	41	19	8	3
4	102	01*Tellero0oFe	315	0	99	46	32	5	4
4	103	07*QnHoangTuEchTB	317	0	99	88	64	15	14
4	104	10*Jx2StingChanh	364	0	99	136	91	9	3
4	105	22*QfxxNhiLangThan7	369	0	99	30	9	8	1
4	106	62*oOoTroVeCatBuj	312	0	96	54	50	12	6
4	107	20*BFFBoiViDamMe	316	0	98	54	29	12	11
4	108	04*oShayneWard	312	0	97	59	46	6	3
4	109	07*Zz14zAnhDaVezZ	326	0	98	160	139	12	10
4	110	25*oILang3VjBo	313	0	99	23	13	23	13
4	111	35*TPzBongMaDiDong	332	0	99	126	94	11	7
4	112	50*ZzPigGurazzzz	344	0	99	208	147	10	8
4	113	19*IQuyÕtYªuEmI	315	0	93	54	39	5	4
4	114	07*xZGaTapPkzXxFc35	310	0	97	21	10	12	6
4	115	07*TrongthuyPro1	322	0	99	81	64	6	3
4	116	02*oIoTinhNghick	321	0	99	127	107	5	4
4	117	22*iiSingleMenz	310	0	98	12	2	12	2
4	118	09*zBDzGALangThanGz	317	0	99	86	70	12	4
4	119	06*xxNhutEuRoxx	317	0	99	53	33	5	4
4	120	23*IIAkiRaII	333	0	99	54	43	23	10
4	121	20*0zBrunoTV0	332	0	99	129	101	22	17
4	122	17*iNvCuongKvzs2z	319	0	99	99	90	10	5
4	123	03*z7zLeeSin	311	0	97	91	75	5	5
4	124	07*oXoAnhTuFa	341	0	99	74	51	17	14
4	125	62*zzIzHoangTuRong	314	0	99	38	24	8	1
4	126	04*ssPToCuaRangMe	318	0	99	67	54	21	19
4	127	35*iizMTBeer	357	0	99	86	51	10	6
4	128	66*lllSHsutVAC	316	0	98	181	161	8	8
4	129	11*o0oDajSuDi3n	312	0	98	90	72	11	9
4	130	50*zIzRioBuiTranDJ	331	0	99	66	40	7	4
4	131	09*OKooooooooK	311	0	98	92	80	6	3
4	132	90*Mrben678	319	0	97	54	39	5	4
4	133	08*ZiiSzDaVidPum	372	0	95	85	33	8	3
4	134	06*jioYanRocker	354	0	95	50	21	7	2
4	135	11*HPzSutLaChet	318	0	98	62	49	6	3
4	136	12*iPeTapSut	352	0	99	227	187	14	11
4	137	35*IzDuongThienLong	365	0	97	80	34	11	10
4	138	26*ixzTeenSayLak	315	0	99	69	52	5	5
4	139	08*HHo0verL0VE	357	0	97	143	88	6	5
4	140	10*iiiDuyPhoMa	328	0	99	131	96	9	7
4	141	12*zAnhQuanz	343	0	99	97	69	6	3
4	142	20*7SatPeDeLinDa	336	0	96	39	25	7	2
4	143	20*ixzVoDanhKhach	372	0	95	104	60	6	3
4	144	02*OhMyFuck	316	0	98	37	24	20	11
4	145	20*oDarKPrinceXz	326	0	99	50	38	8	1
4	146	06*zzIoHeiNeKen	320	0	98	117	100	7	2
4	147	16*o0Hoa12h0o	312	0	99	27	16	6	5
4	148	22*QfxxGaConxx	327	0	98	22	8	7	4
6	1	03*vovzZBiRain	473	200	99	291	127	17	7
6	2	03*JX2iHeroBaby	460	175	98	337	225	25	14
6	3	23*BujDoiBinhPhuoc	419	165	99	155	49	12	3
6	4	03*Jx2DraculaDkzHQ	425	165	97	160	94	12	4
6	5	07*iiiiiDeepAsSea	412	160	99	312	218	13	6
6	6	10*AngelinaTuyet	397	150	98	90	58	13	5
6	7	25*iSvkUnSAyBiaKen	276	100	97	207	190	4	6
6	8	01*1sTcuteKuTeo	335	100	95	137	112	18	17
6	9	04*JungleOfLeeSin	342	100	99	31	14	16	13
6	10	02*HoaMécLan	344	100	98	114	98	19	18
6	11	14*HoKhongTenXoan	347	100	98	88	49	20	16
6	12	23*AcEzzzzzzzz	394	100	99	203	124	13	5
6	13	15*iovzZBiRain	474	100	99	273	120	9	0
6	14	62*oIoNhocLem	351	100	96	67	24	6	5
6	15	17*SGUniversity	371	100	97	137	66	8	7
6	16	09*AcEzzDocCaNoc	363	100	99	189	119	5	4
6	17	66*S2PhongVanLy	334	100	98	203	167	6	5
6	18	23*0zPkL·oTæz0	328	100	99	49	27	4	5
6	19	22*§­êngV©nLong	313	100	99	41	27	5	5
6	20	25*zIxSaoBang	285	90	99	56	50	6	3
6	21	23*LxLionLx	337	90	97	81	49	7	5
6	22	20*iPadNew	344	90	98	78	56	6	3
6	23	15*jx2zMrSky	383	90	98	244	160	14	9
6	24	22*1stFirtLove	305	90	98	124	111	5	6
6	25	10*iiMrsVampire	299	90	96	89	75	5	4
6	26	62*KimTaeHee	287	90	99	102	93	5	5
6	27	06*oGÊuBooz	287	90	99	70	61	6	3
6	28	09*iiiLuvPeMap	336	90	99	103	73	5	4
6	29	66*0WBaVuongW0	316	90	97	88	67	5	4
6	30	08*zanhanhz	336	90	97	51	34	6	5
6	31	17*iixNamLayTayAnh	318	90	96	80	69	9	8
6	32	07*XZZSanNoLeZZX	274	90	97	44	32	26	27
6	33	15*MongBaVuongJX2	258	85	96	55	47	2	7
6	34	04*ChEtlAgI	264	85	99	72	59	14	14
6	35	11*DuongUyenNhi5	275	85	99	22	15	5	5
6	36	02*DßngM¸uAnhHïng	297	85	97	24	13	15	12
6	37	07*ilMrIPhone5	300	85	98	39	25	5	4
6	38	20*DeleteAlll	310	85	97	112	86	5	4
6	39	22*baileys79	275	85	96	69	61	7	7
6	40	08*LCzGrimReaperKun	345	85	98	114	72	14	12
6	41	22*ZiiTonLungLinh	331	85	99	202	148	7	2
6	42	09*iz1110FreezeAL	320	85	99	84	54	6	4
6	43	22*KPzzBachHo	446	85	98	202	110	22	7
6	44	10*iIGiotLeMrThang	324	85	97	97	72	12	6
6	45	04*zZLivBeoZz	259	80	99	42	36	6	3
6	46	04*HHoBachHo	429	80	98	199	109	19	6
6	47	07*zXGameXz	302	80	99	56	38	5	4
6	48	03*ozMissingYou	353	80	99	107	46	7	2
6	49	17*dahoai08	298	80	97	59	47	6	3
6	50	08*s2NamCungLinh	311	80	98	308	255	5	6
6	51	11*zICoCo9xIz	274	80	99	40	31	10	7
6	52	09*satthu124	317	80	99	194	166	23	22
6	53	03*iiovzZPhjTieu	394	75	99	130	63	8	1
6	54	20*iYSLoDMoBabies	324	75	99	52	26	6	3
6	55	11*S2MrPhiTieuS2	304	75	97	94	84	16	12
6	56	07*xXxBlackStarxXx	292	75	98	112	100	39	37
6	57	08*EmLaiSay	310	75	97	111	89	8	9
6	58	07*playDan3	281	70	96	72	59	3	6
6	59	03*iIiDartsmen	323	70	98	115	79	7	6
6	60	03*KNzDoccoThichCot	421	70	99	206	114	13	3
6	61	03*OoDiepHyoO	296	65	95	49	36	21	22
6	62	09*zxTr4nH4oN4mzx	301	65	99	41	31	9	4
6	63	08*iIoSatThu	310	65	95	42	33	6	4
6	64	08*BuiDoiBinhPhuoc	389	65	99	142	46	10	2
6	65	09*iiAjiMoto	260	60	97	14	6	6	4
6	66	91*oooZoMrKING	385	60	97	45	18	12	7
6	67	08*oOoLinhNhioOo	267	60	98	46	45	4	5
6	68	03*1PTieuLyPhiTieu	292	60	98	97	83	8	8
6	69	03*Jx2KeVin	287	55	95	78	69	6	6
6	70	33*IxPeZuns	376	55	99	171	108	16	10
6	71	14*zN4iKhanhLyio	411	55	98	171	119	35	26
6	72	08*KhongKhongTu	264	55	96	34	28	5	4
6	73	03*BaByOfTheSky	302	50	97	133	103	7	2
6	74	08*1stieulyphitieu	299	0	99	29	17	17	14
6	75	07*sokono787	253	0	96	25	21	6	3
6	76	01*1St§­êngNhÊtLong	268	0	99	47	38	19	15
6	77	17*oIoIPhiDaoThuIo	318	0	96	60	33	9	6
6	78	16*iBuonVoDoi	355	0	96	62	37	7	3
6	79	11*oIoKakaShio	342	0	98	59	43	6	3
6	80	07*HoangTuAnh	286	0	97	99	105	7	2
6	81	23*zIIoRioz	358	0	97	86	42	6	3
6	82	08*Cataleyna	268	0	94	11	5	6	3
6	83	09*zComeBackMHz	296	0	98	24	14	12	8
6	84	08*SøGi¶VâLamT×nhY	276	0	99	90	82	4	7
6	85	07*zoHongTuyet	265	0	98	8	2	8	2
6	86	01*hoanganhkyhiep	247	0	98	26	19	5	4
6	87	08*JangJinYoung	311	0	99	55	41	7	2
6	88	39*1stPhuongAnhHY	292	0	98	184	153	10	10
6	89	02*36zzzTi3u	363	0	97	80	46	7	2
6	90	07*ThienMaTieuVu	336	0	97	97	60	9	8
6	91	01*zzDoatHonChamzz	305	0	98	53	39	6	3
6	92	43*bocuahoangthuong	311	0	99	77	58	5	5
6	93	01*N3QTGiet	344	0	95	55	30	6	3
6	94	03*XichTienDaiTien	263	0	99	37	30	32	28
6	95	62*ViNaMiu	247	0	96	30	24	4	5
6	96	12*iNAzQuanAnCuop	279	0	93	38	26	4	5
6	97	23*3w213123123	253	0	99	10	5	5	4
6	98	02*oDJoSatThuCaCa	336	0	99	41	20	6	3
6	99	03*oMaya0xo	327	0	95	128	90	8	4
6	100	08*zNo1KgWwChicks	307	0	96	17	5	17	5
6	101	07*oS2oKemSauCiu	265	0	96	27	20	7	9
6	102	04*zFC36XoSoThuDo	312	0	98	10	0	10	0
6	103	16*oVzDavidNam	280	0	99	49	54	3	6
6	104	11*CoGaiXinhDepd	329	0	99	77	56	5	4
6	105	24*TrumPhiaNam	276	0	98	86	67	5	9
6	106	50*oHNozzzMrLoi	318	0	98	16	3	7	2
6	107	26*xKFCxGraves	347	0	99	99	79	6	3
6	108	07*xTruyT©mTiÔnx	289	0	99	78	68	54	49
6	109	08*zIzATuLazIz	312	0	99	83	65	11	10
6	110	23*ioS2oiPeNgoc	254	0	95	87	80	4	6
6	111	17*DarkGiaCat	341	0	98	83	63	6	4
6	112	12*o1zHoaThienDieu	324	0	92	71	49	16	13
6	113	20*zLzKeoChanh	335	0	97	86	53	7	4
6	114	22*oOL0v3You	304	0	99	71	52	4	5
6	115	02*xZzBigBagNo1zZx	328	0	96	42	20	21	18
6	116	24*HHzBachHo	349	0	98	170	98	5	6
6	117	08*iSGCauBeMap	290	0	96	37	24	5	4
6	118	20*KhongChutHoiHan	256	0	99	47	38	6	3
6	119	09*wwSANGww	317	0	97	44	26	5	4
6	120	11*o0AKiraKoi0o	360	0	99	177	133	11	2
6	121	02*ZzLexTamMaozZ	264	0	96	7	2	7	2
6	122	50*N0Stop	332	0	96	39	21	6	3
6	123	03*Radiation	252	0	98	11	5	7	4
6	124	11*oIIoChuotJerry	275	0	94	8	1	8	1
6	125	39*BpGaTrongThien	299	0	97	77	64	4	5
6	126	66*BongDungMatSau	254	0	99	7	4	7	2
6	127	06*zXRoiLeViEmXz	321	0	99	77	65	7	2
6	128	17*ZxZKissMyZxZ	269	0	99	14	5	8	1
6	129	19*0WBaVuongW0	279	0	97	80	62	14	17
6	130	62*oOoUssop	278	0	96	32	26	8	1
6	131	07*MrSeptember11th	265	0	99	28	20	4	5
6	132	02*zS2zHunterz	326	0	95	143	103	6	3
6	133	09*iiiHeRo102o0o0o	338	0	99	100	52	11	7
6	134	08*AlOnE00	314	0	99	53	43	6	3
6	135	08*zZzTraChanhzZz	265	0	98	53	43	8	6
6	136	07*SiTHixAnLuOnSi	262	0	99	31	26	17	15
6	137	66*anhchienvn	256	0	97	9	2	9	2
6	138	10*oDuongMinhHoang	302	0	98	18	6	18	6
6	139	66*ThÊtD¹Th¸nhQu©n	258	0	96	33	28	33	28
8	1	07*zSGzVitDet	379	200	95	67	30	7	2
8	2	08*RzHoaXuyenChi	377	190	99	136	103	7	4
8	3	11*oIoPeHaXynk	376	185	99	181	133	10	5
8	4	03*ZxiiThuGiang	371	180	98	46	21	13	6
8	5	04*T«nNg¹oTuyÕt	356	170	99	128	79	10	7
8	6	11*zZxHMTzTrangMiu	366	165	99	134	88	8	4
8	7	20*iZMytXinhXinh	354	160	99	133	104	6	3
8	8	07*iiiiiWideAsSky	356	155	96	220	154	24	20
8	9	08*1thSamsung	353	145	96	343	299	59	55
8	10	22*zzSadMemories	349	140	97	363	245	16	13
8	11	62*JxPeHeoz	305	100	98	167	148	10	12
8	12	25*oSnMissLoVenSo	304	100	99	75	62	4	5
8	13	22*ZxiiiThuGiang	331	100	98	49	30	16	15
8	14	09*QMzzzMingMing	333	100	99	92	53	6	5
8	15	01*1lbzzGaiBanRuou	302	100	95	79	66	5	6
8	16	06*S2PeHeo	302	100	97	66	55	4	6
8	17	14*HPzGaTapBuz	299	100	96	92	79	3	6
8	18	66*oNhuJotNang	305	100	99	118	106	12	11
8	19	22*zBGzBuffHunterz	315	100	95	118	99	5	5
8	20	15*B52TraiTimCuaGio	339	100	98	92	66	16	16
8	21	10*iPhuongQuanChua	328	100	99	89	66	5	4
8	22	02*ngockylan	335	100	99	233	164	6	3
8	23	23*FoxRain	286	100	97	122	106	3	6
8	24	17*NhoQueAGCP	317	90	98	82	57	7	6
8	25	03*BaGiaLangTu	314	90	96	87	67	5	4
8	26	23*520zBoCongAnhz	320	90	98	168	146	5	4
8	27	14*Favortes	305	90	97	144	125	6	3
8	28	17*TsPeTrucDeThuong	314	90	99	90	83	18	16
8	29	06*AcAcMama	298	90	97	66	57	11	12
8	30	01*ThuûL­uGiang	290	90	95	55	47	4	5
8	31	20*z0zHoaKiemz0z	331	90	96	79	90	7	2
8	32	02*zjMochiSweets	323	90	98	88	76	30	27
8	33	22*zThPzXiTrum	346	90	97	113	78	9	6
8	34	23*IzPeMiMeo999	335	90	99	142	95	7	7
8	35	09*oONgocHanBaByOo	299	90	95	102	96	14	16
8	36	15*zIzSnowQueen	297	90	98	99	90	11	13
8	37	20*xanhlam	298	85	98	109	97	5	8
8	38	07*zzIzCaVienChien	347	85	99	243	203	24	17
8	39	17*o0oMiMio0o	293	85	97	110	92	5	4
8	40	14*oS2oThjenTuyet	304	85	97	68	59	9	6
8	41	08*34HDMinhHieu	327	85	98	98	62	6	3
8	42	02*VîN­ícM¾t	303	85	95	151	143	17	19
8	43	11*oS2oWinterCream	302	85	99	36	25	5	4
8	44	03*DLKizi0kiaCobe	294	85	97	139	121	24	26
8	45	22*ooZkxCua	293	85	95	71	63	5	4
8	46	09*emgainhoday	286	80	99	112	95	5	4
8	47	03*z7zHoney	294	80	97	115	100	5	4
8	48	22*izQuynhNgaTienTu	317	80	98	74	55	5	4
8	49	11*crOXOcavein	303	80	96	29	16	6	5
8	50	10*HrxTheAngelx	306	80	99	17	6	6	3
8	51	90*C«ngChóaTuyÕt	359	80	97	117	86	11	7
8	52	02*HäSÇuTªnU	298	80	99	47	37	30	30
8	53	20*o0oKrTonBao	302	80	98	92	78	5	4
8	54	20*1stGaXinh2	310	75	92	60	48	12	11
8	55	01*oViMotNguoi	303	75	97	67	55	5	5
8	56	03*iiovzZThoXjjjnh	287	75	99	117	109	5	6
8	57	02*x0904473479x	301	75	99	56	53	5	4
8	58	15*iiPucca	298	75	98	83	66	5	4
8	59	17*iIzAngelzZiI	325	75	94	119	103	6	3
8	60	07*24hNhíAnh	297	75	99	49	35	5	4
8	61	50*zNzBeautifulGirl	357	75	99	169	127	8	6
8	62	20*iYSLoLanBabies	331	75	99	44	28	11	8
8	63	08*zS2zSexyGirlxS2x	310	75	97	116	99	6	7
8	64	06*iEmGaiSuThai	330	70	90	69	54	7	2
8	65	23*TruyenThuyetCoBa	298	70	95	66	55	4	5
8	66	07*XzXBxTHIENBAOXzX	298	70	99	194	168	9	10
8	67	20*zinTRYM	295	70	94	74	68	5	4
8	68	07*oSlgzBelxaka	330	65	97	46	36	7	2
8	69	23*hongnhung18	305	65	99	47	38	8	4
8	70	15*oNuhiepNgaMi	297	65	96	127	112	5	4
8	71	11*NgocAnhLove84	302	60	98	36	23	10	7
8	72	02*HaiAnhNMK	289	55	96	55	43	55	43
8	73	03*vovzZSokuroBoo	316	55	95	159	151	7	4
8	74	23*xxVinaCafexx	309	55	99	45	41	9	3
8	75	08*iipevyVit88z	313	55	99	55	41	5	4
8	76	03*iiovzZThoBuff	286	50	98	59	60	5	4
8	77	20*zzMsTiNa	289	50	99	83	70	6	3
8	78	07*ZzEmDaVeZz	292	0	99	118	108	12	8
8	79	09*iiiLuvPeLep	333	0	99	57	41	5	4
8	80	22*ZxZxxbuffxxZxZ	287	0	99	74	63	5	4
8	81	08*FMLzJuLietNo1z	318	0	98	71	54	5	4
8	82	33*o0BeoTay0o	289	0	99	77	65	6	3
8	83	07*zHeoNhi	288	0	99	60	48	7	2
8	84	17*oMsHanie	324	0	99	102	91	5	4
8	85	06*ZzZNgocTranZzZ	289	0	99	54	42	6	3
8	86	08*iissSunny	301	0	99	22	11	6	3
8	87	10*iSTzPeChanh	306	0	95	127	114	19	15
8	88	15*B52zH0tGjrlYenTy	298	0	98	110	82	5	5
8	89	22*iQfxxxNguNhi7777	344	0	98	52	30	14	9
8	90	20*iS2SuaHoanHaozZ	287	0	97	28	17	12	9
8	91	13*ZxcNaragiang	292	0	96	35	25	5	4
8	92	11*xN§xS­TöC¸i	287	0	96	87	84	13	6
8	93	17*ozz0zZeRoz0zzo	322	0	99	284	228	11	7
8	94	08*ils2MrS	306	0	99	57	49	17	11
8	95	14*zN4zKelly	307	0	98	109	93	8	8
8	96	08*S2iVuDieuSamba	344	0	98	75	54	21	16
8	97	35*zTzHatCatNho	290	0	98	16	6	6	6
8	98	16*SmurfComeBack	344	0	97	103	72	5	4
8	99	17*CVoTuyetTinhKiem	290	0	99	94	83	10	7
8	100	17*PKzCloseUpz	299	0	98	32	19	6	3
8	101	02*IoGodHeraZ	307	0	95	70	54	5	4
8	102	08*0oLIonAIRtopUPo0	287	0	98	60	48	6	3
8	103	09*TheoSauDeBuff	299	0	99	97	91	5	4
8	104	15*1S2NghiªmXu©nS¬n	299	0	97	85	72	6	4
8	105	07*ZxHoaThan	291	0	97	103	87	9	11
8	106	02*ziHoangHuonGiz	288	0	99	59	48	19	16
8	107	06*YellowPigeon	287	0	96	41	25	6	6
8	108	09*zCoolGirl	319	0	98	155	115	12	10
8	109	08*NoiLongGaiCave	308	0	95	62	49	6	3
8	110	01*1stOneLoVe	299	0	97	32	22	8	1
8	111	01*iBxAnhNo1	296	0	99	56	49	9	6
8	112	25*oS2oAngeloS2o	288	0	99	52	46	7	2
8	113	16*TeamDaoHoa	286	0	99	158	140	5	4
8	114	03*Jx2iHeRoBoBo	291	0	99	33	25	7	3
8	115	17*oOoBxMrAujoOo	287	0	99	105	93	5	4
8	116	07*NgoNghinhz	334	0	97	42	29	7	4
8	117	08*AKhacThienKieu	295	0	99	51	39	4	5
8	118	68*JzSailorMoon	312	0	97	112	91	9	7
8	119	14*NGOCTOA	301	0	96	57	42	4	5
8	120	12*iPeTapBuff	340	0	96	172	133	7	3
8	121	07*TuojTre2016	317	0	97	102	97	12	5
8	122	07*oTrieuMano	296	0	98	31	23	4	5
8	123	20*11PeNho	294	0	97	18	8	6	3
8	124	22*iQfxxSeabird	322	0	99	61	32	7	6
8	125	02*IzS2zHuongSmile	294	0	97	26	19	11	5
8	126	15*iovzZThoXjjnh	292	0	99	108	98	6	3
8	127	16*S2QuynhNgaTienTu	314	0	98	68	51	4	5
8	128	12*365NgayNh0Anh	296	0	99	96	85	4	5
8	129	68*ZxDojNgaMyxZ	288	0	98	199	185	14	15
8	130	11*xxEmGaiXinhxz	293	0	99	61	54	7	2
8	131	10*s0sMyNuBuff	285	0	93	94	83	6	3
8	132	23*oIIoMito	288	0	99	25	17	6	3
8	133	01*IzzChiChi1989	292	0	95	66	56	16	16
8	134	15*iiBvMrsThyThy	323	0	99	42	25	7	3
8	135	04*V×EmBáGame	291	0	93	45	36	7	2
8	136	16*duongtuyet157	309	0	97	62	47	4	5
8	137	19*oNhuJotNang	288	0	99	97	88	4	5
8	138	35*izzLyThuThuyzz	292	0	97	35	22	4	5
8	139	08*EmCuaNgayH0mNay	328	0	99	90	50	5	5
8	140	07*iStylePhaLeTim	287	0	99	41	33	5	4
8	141	08*NMKo0oMabu	287	0	96	18	10	18	10
8	142	63*oIzCallGirl	329	0	96	91	67	6	3
8	143	24*zQfxxxNguNhi7777	332	0	98	37	21	13	10
8	144	08*oIzCallGirll	311	0	96	99	73	6	5
8	145	35*IzDuongTjeuMuoi	295	0	97	81	70	4	5
8	146	23*sisusu	295	0	97	59	46	7	2
8	147	08*iGvChuaKiepDutDo	298	0	99	108	115	9	0
9	1	22*o0oThanhXao0o	501	190	99	552	352	39	13
9	2	15*B52zDevil	456	190	98	580	302	64	49
9	3	62*tytNgocTrang	441	185	98	291	216	53	45
9	4	25*iSvSutHoBoCai	437	180	99	113	64	8	1
9	5	04*ooMimiDauTay	423	170	92	235	178	64	47
9	6	22*iSGzBachXaTyTy	408	145	98	133	83	18	5
9	7	01*zPkzNhimKute	305	100	97	47	34	13	14
9	8	66*MeTamPhjeuHonKhu	310	100	99	94	76	5	4
9	9	01*iSvKhucNhacVuii	400	100	99	128	66	14	2
9	10	09*iOSBatSuThai	404	100	99	151	105	25	19
9	11	08*xxxIDurex	379	100	98	193	142	44	40
9	12	22*oS2oBranDy	402	100	99	417	216	15	9
9	13	03*iiovzZThoTrang	363	100	99	159	98	5	4
9	14	23*xxVinaSonexx	375	100	97	52	26	11	6
9	15	17*CVoThatTuyetCam	366	100	97	126	71	6	3
9	16	07*zS2zTrangL0ve89x	363	100	99	83	50	10	6
9	17	23*IzThaoMiXynk999	359	100	99	147	80	13	10
9	18	11*zZxHMTzTrangMiiu	351	100	99	134	69	7	4
9	19	06*iConGaiSuThai	348	100	99	114	45	5	4
9	20	14*zIzS2YeuCam	338	100	97	70	47	7	6
9	21	14*DanTocBaNa	302	90	99	66	53	4	5
9	22	09*CatLoveTC	376	90	98	105	74	15	12
9	23	08*oDOICODONo	393	90	93	262	166	14	8
9	24	07*zSGzVitBau	352	90	99	58	26	6	3
9	25	22*iSvMyDolly	350	90	98	169	122	5	4
9	26	02*oS2oMissS2o	347	90	97	71	48	9	7
9	27	06*DianaForMen	345	90	96	70	49	6	3
9	28	15*B52zYuxi	361	90	98	161	101	6	3
9	29	03*zIzChjchChoe	406	90	99	171	107	9	3
9	30	17*Nh­MétThãiQuen	383	90	95	105	79	36	29
9	31	17*iizNangXanh	385	90	98	165	76	9	1
9	32	01*iS2iMeo	344	90	97	51	36	6	3
9	33	04*oBuomKonTrinh	336	90	99	102	102	9	6
9	34	04*iYSLzBeBi	363	85	99	83	62	9	4
9	35	25*Jx2MissAngelsz	337	85	96	48	31	7	2
9	36	03*zTCzWhiteRose	365	85	96	99	55	6	4
9	37	11*XzTrocDauCoGaiZ	325	85	99	34	15	4	5
9	38	22*ioiMemory	319	85	99	85	80	5	4
9	39	10*DJxxThienHuyen	335	85	97	92	61	7	2
9	40	08*oS2BeNgocYeu	330	85	98	160	112	5	4
9	41	17*CVzHoaiNgoc	327	85	98	98	71	12	9
9	42	06*zIzJenniferGP	317	85	99	56	38	5	4
9	43	14*oS2oKhaTuyet	311	85	98	89	70	20	21
9	44	03*ZiiiThuGiang	352	80	97	128	68	15	14
9	45	22*EmeiiVietNam	333	80	95	47	30	12	8
9	46	17*KhucNhacQueCPAG	340	80	98	62	42	8	4
9	47	14*MP4TinhKhucVui	329	80	97	91	66	6	3
9	48	08*iZLamborghiniZi	331	80	99	131	68	7	6
9	49	90*IIoDJemotions	410	80	93	168	89	8	2
9	50	22*ZiiiiThuGiang	367	80	97	143	81	30	27
9	51	15*xIxVoTinh	307	80	98	75	75	4	6
9	52	07*p3xinhhp9x0210	302	80	99	154	133	4	5
9	53	20*JzVICzLovelyz	343	75	94	50	34	8	1
9	54	04*oH7ozMissVelVet	429	75	99	127	61	16	4
9	55	08*iuKhucNhacVui	359	75	99	181	140	25	22
9	56	22*sMsCauBuonsMs	323	75	99	103	92	28	24
9	57	23*iCzQuenDiNoiBuon	342	75	98	119	100	7	2
9	58	03*NVzizBaPhonCZ	352	75	99	61	28	6	4
9	59	14*S2oKyTuyet	313	75	95	83	76	6	5
9	60	17*T48zDHCSNDzZ	387	70	97	168	101	21	12
9	61	13*tytNgocTrang	401	70	97	226	162	7	4
9	62	22*zThPzBacSiGayMe	303	65	97	67	43	4	5
9	63	04*HHzTieuNgocft	419	65	98	414	324	53	42
9	64	08*iIRvS2GcIi	328	65	98	75	56	6	7
9	65	15*MrTieuCongChuaZ	312	60	99	65	54	12	4
9	66	03*lambienem	341	60	95	92	67	13	11
9	67	08*izHueAmSuThai	418	60	95	70	33	30	20
9	68	08*IzNatulaNMDzI	335	60	96	26	9	6	3
9	69	43*ssTraMy	392	60	99	364	287	5	4
9	70	09*NhiNhanhNMD	320	60	99	16	4	7	2
9	71	08*ZzBupBeBarBie	332	55	99	94	74	9	8
9	72	16*o0oBachXa	386	55	98	475	356	9	8
9	73	11*oNgocBupBeEo	408	50	99	60	24	22	13
9	74	15*iAzSi3uDanNo1	356	0	94	17	2	17	2
9	75	02*zjMochiDonuts	405	0	98	60	37	17	7
9	76	03*JX2oThietCamLam	348	0	98	42	18	8	3
9	77	07*TuyenUyenx	314	0	98	25	8	5	4
9	78	09*iiiYeuChong	318	0	98	43	19	4	5
9	79	04*S2oxDjeuAmxoS2	338	0	99	49	29	9	6
9	80	03*IokNaughtyBear	322	0	88	26	8	10	6
9	81	16*zJoMissTuongVy	319	0	99	39	26	5	4
9	82	15*B52zMiuSayLak	323	0	99	23	9	5	4
9	83	08*nguyÔnthÞhång	298	0	99	25	13	12	6
9	84	08*zTCzMercury	369	0	96	92	51	6	3
9	85	08*ooMascara	345	0	97	109	72	10	7
9	86	10*Jx2StingMit	403	0	99	92	49	15	7
9	87	22*HHo0TieuNgocft0o	386	0	98	426	342	65	60
9	88	03*zIzDocCoHeraPk	322	0	99	146	94	6	6
9	89	15*9uxzMrTuanxcz	324	0	96	68	46	6	5
9	90	35*zTzHoaTrongGio	312	0	98	16	5	6	3
9	91	09*oooTheSongForYou	333	0	98	272	211	18	18
9	92	07*KrSatThuRebecca	319	0	96	74	60	11	11
9	93	03*zIoMimosa	301	0	96	56	41	6	4
9	94	50*zIzThienMaCam	380	0	99	61	30	16	10
9	95	08*HongNhiZjaoChu	319	0	96	25	14	9	6
9	96	20*S2LisaS2	302	0	98	37	26	6	3
9	97	62*oOozVitConzoNMD	357	0	99	46	23	7	2
9	98	03*zIzDocCoEmerald	344	0	99	123	77	5	5
9	99	15*zIIGiotLeBuon	355	0	96	33	15	7	2
9	100	62*oNPoLongTienSinh	295	0	93	62	49	5	5
9	101	32*zS2zLilLyAngelz	301	0	99	70	56	6	3
9	102	26*xKFCxVuSuaKute	303	0	98	47	35	4	6
9	103	04*zXDaCauCamXz	296	0	96	59	49	5	7
9	104	24*iSGzzHoTelBigzz	346	0	99	112	74	7	3
9	105	01*TrangPhiD­¬ng	294	0	99	30	19	5	4
9	106	20*zNhacKhucBuon	349	0	98	71	55	27	21
9	107	02*zDzKieuZyn	320	0	96	45	26	9	7
9	108	09*XaMÓTuyÕt	312	0	98	14	2	14	2
9	109	07*xXxSonaxXx	315	0	97	65	46	4	5
9	110	07*Nh0cKt	303	0	99	63	52	6	3
9	111	23*oIoPeKhoePeTrau	305	0	99	47	35	7	9
9	112	03*ooGÊuTróc	306	0	96	79	126	20	10
9	113	35*izG9iLeiisya	362	0	98	203	144	11	10
9	114	03*HoangLamQuanchua	356	0	97	58	41	21	13
9	115	08*zBBBoMinion	348	0	99	135	103	6	4
9	116	15*oS2oKyNiemXua	376	0	97	49	15	7	2
9	117	02*xIxLinhChi	395	0	95	174	85	15	7
9	118	63*Jx2OhMyChuoi	309	0	94	42	30	5	6
9	119	17*KhucNhacSau	313	0	98	27	11	5	4
9	120	62*o0kenji0o	301	0	94	21	12	6	4
9	121	03*iCToZzLanNhiZz	317	0	98	90	65	12	11
9	122	02*ijjBongprincess	354	0	98	64	35	6	3
9	123	09*S2BeNgocYeu	363	0	98	155	107	9	4
9	124	04*JltJThanhXa	323	0	99	30	19	5	4
9	125	68*zTSzLucChjCamMa	357	0	98	382	300	6	4
9	126	03*oIzBuonNo1zHPo	318	0	95	107	96	6	4
9	127	66*o0o0CaBong0o0o	317	0	98	24	19	14	9
9	128	08*iSGRoSaWin	311	0	99	31	16	5	4
9	129	07*zIS2IzBeNgokz	306	0	96	84	55	5	6
9	130	11*istNoNameTNC	365	0	99	40	18	16	12
9	131	22*FMLzOhMyChuoi	358	0	99	37	15	9	4
9	132	02*zzTriÖuPhiYÕnzz	315	0	99	35	25	7	2
9	133	20*iYSLzIIWindyz	368	0	98	139	92	13	6
9	134	08*TÝcTÞcT×nhTang	313	0	95	133	110	9	10
9	135	10*DxCuaCaMau	386	0	99	34	11	13	6
9	136	08*14HanhPhucAo	320	0	99	66	56	9	3
9	137	08*iGvXinAnhDung	322	0	98	179	125	5	4
9	138	11*iCzDjH¹nhMuSic	335	0	98	106	90	6	3
9	139	12*1stVanAnhz	333	0	99	41	21	6	3
9	140	43*Jx2Jinx	383	0	98	295	192	15	13
9	141	15*Jx2LacLongQuan	369	0	96	48	14	7	2
9	142	08*TuyetRojMuaHeNT	300	0	96	12	3	6	3
9	143	16*oHTiiMoonXjLjp	322	0	93	39	17	7	6
9	144	03*S2joMeoXjnh	312	0	97	67	55	5	4
9	145	24*HHoTjeuNgocft	378	0	98	352	275	13	13
9	146	35*iizCinderella	373	0	99	170	102	8	5
9	147	11*zNhjNgOc	352	0	99	32	17	7	3
9	148	08*iissBabyGirl9x	304	0	99	53	39	7	5
9	149	11*y3u3mlam	307	0	96	54	42	5	4
11	1	17*IiITieuPhongIiI	439	200	98	304	241	18	12
11	2	62*iAFKzJudas	413	185	97	98	26	7	2
11	3	22*zSRzCucThit	386	170	98	169	115	8	4
11	4	62*zZzBjgBuBuzZz	389	170	96	59	41	8	3
11	5	08*vxxQuaDepxxv	387	160	98	318	273	37	30
11	6	08*SrCucThitCucCung	385	160	98	168	114	7	3
11	7	03*oo00thanlong00oo	377	150	97	212	127	8	1
11	8	07*theanhhungdn	311	100	94	84	67	6	8
11	9	66*zIICrous	325	100	96	82	48	6	3
11	10	25*zzMrRong	282	100	99	85	73	6	8
11	11	02*zMotdaMz	290	100	99	40	29	9	10
11	12	06*0WhiteShark0	365	100	97	235	166	10	8
11	13	01*iiAnhHaj	343	100	95	158	119	8	5
11	14	22*GiangLongLangTu	370	100	99	103	60	7	4
11	15	15*IxS2xxxx2Tay2Em	276	100	99	92	79	3	6
11	16	22*zzKeoTNC	300	100	96	76	43	5	4
11	17	20*doccokiemmaTT	306	100	99	56	42	5	6
11	18	11*HaNamKiller	319	100	95	175	156	7	7
11	19	14*zIzVeQueAnTet	306	100	95	89	73	4	5
11	20	04*zTrangXinhPk	315	100	99	75	60	6	3
11	21	10*khuTaoSongFC77	243	100	99	14	10	5	5
11	22	23*KingStar	206	100	97	70	69	22	27
11	23	17*RONGCUIBAP	198	90	99	65	63	1	6
11	24	62*IIzROMAN39XX	429	90	98	183	125	26	16
11	25	66*Jx2KiÕmNhùa	301	90	99	104	86	4	5
11	26	15*ZzQuyenMaZz	286	90	96	61	49	4	5
11	27	10*iiRongPhuongNam	293	90	96	17	13	9	0
11	28	06*zZKissMeZz	300	90	99	93	82	7	6
11	29	11*TraiS2RonG	235	90	99	75	74	14	20
11	30	25*zS2KeHuyDietz	237	90	98	44	45	4	5
11	31	02*zZzNguoiHaGiang	258	90	99	104	106	8	10
11	32	08*z0xKj3uPh0ng	374	90	97	90	56	10	4
11	33	23*ooBacKieuPhong	260	90	99	81	74	4	5
11	34	14*oooLucDongXuan	298	90	98	45	37	17	5
11	35	03*zzNhaiDepXoopzz	176	90	99	83	81	21	36
11	36	14*zZTonyBoyZz	169	85	99	5	25	0	4
11	37	23*zOptimusPrime	290	85	99	62	47	8	1
11	38	02*zOzHAYDOIDAYzOz	250	85	95	83	81	12	15
11	39	22*WangXiaoLong	310	85	99	45	27	8	7
11	40	09*oioYenMinhStyle	401	85	98	127	57	7	3
11	41	07*iZChuyÖnNháZ	306	85	98	40	31	9	7
11	42	09*oS3oOnlyLOve	234	85	99	47	43	7	10
11	43	03*izzOMoMaTicz	264	85	99	133	125	3	6
11	44	22*zzMrTaizz	178	80	98	40	46	3	7
11	45	23*HongTuHai	205	80	98	29	47	11	14
11	46	09*xxx§ÖNhÊtxxx	237	80	96	53	50	5	4
11	47	09*IIzROMANzzz	389	80	98	157	108	18	12
11	48	62*1StGAUvotinhKG	319	80	97	58	44	5	4
11	49	03*ooIronMan	263	80	99	60	49	3	6
11	50	02*iHoangPhiLongz	328	80	99	88	70	14	6
11	51	09*QMzCBQTong	196	75	97	37	62	3	6
11	52	02*hetsotvuloan	269	75	99	41	32	6	4
11	53	07*SucSongMoiz	264	75	99	94	81	6	3
11	54	66*zZzQuyenVuongzZz	284	75	95	59	44	5	4
11	55	08*zOzHoangMuoizOz	291	75	91	101	87	62	57
11	56	03*izSe7enCBQ	300	75	99	24	15	4	5
11	57	62*iIiKieuPhong	287	75	96	48	35	3	6
11	58	02*xxSwainxx	238	70	96	46	54	6	3
11	59	66*CBQphilongTLQ	291	70	97	63	53	8	1
11	60	62*ZzTranHaoNamBHz	270	70	99	62	60	3	6
11	61	03*kieunubinhan	234	70	97	51	48	39	42
11	62	09*OoBaChuVoLamzZ	155	70	85	41	60	20	29
11	63	03*1StCaSiNo113	243	65	95	43	37	5	4
11	64	08*GiangLongMinhChu	264	65	95	41	32	4	7
11	65	07*1LongTaiThien	386	65	95	49	15	10	2
11	66	62*iIIzChj3KuTe	257	65	99	24	26	5	4
11	67	22*zG69Jx2DaLatCBQ	369	65	95	222	173	9	4
11	68	08*ZxM4pD4iK4xZ	303	60	99	141	123	13	12
11	69	62*xHeo§Êtx	256	60	99	91	79	9	8
11	70	62*o0oTÕ§iªno0o	231	55	99	83	75	5	5
11	71	17*S2CBQphongluuS2	381	55	99	187	118	7	2
11	72	08*thanhtamau	236	55	98	31	29	4	5
11	73	08*CauUtDaiGia	161	50	99	7	32	1	5
11	74	07*iGSoBecks	149	0	99	100	108	6	13
11	75	07*zQuyÒnC­ícV«Tinh	261	0	99	18	11	14	10
11	76	91*ZzTanCuTe95zZ	285	0	99	12	2	8	2
11	77	01*IVanCuToNh­PhÝch	346	0	96	41	22	19	15
11	78	62*SzzD4mCujB4pzzS	332	0	98	57	30	7	3
11	79	03*TsDeMon	218	0	95	142	138	4	5
11	80	91*§ÊmV«Mu	297	0	99	25	15	4	5
11	81	08*MrDino1102	255	0	96	18	11	4	8
11	82	39*MrCBQcuibapz	346	0	98	146	82	4	5
11	83	07*IzLÖnhHåSungzI	282	0	99	51	43	8	7
11	84	08*DucCBQ	288	0	98	107	87	10	11
11	85	11*xXCuDamThepXx	345	0	99	99	73	7	2
11	86	13*iIiKieuPhong	300	0	96	45	28	5	4
11	87	02*Jx2LeeChul	235	0	96	7	2	7	2
11	88	07*NotNhacBuon	261	0	95	16	8	6	3
11	89	35*1stBabyCool	240	0	96	95	97	7	2
11	90	07*ThiNoLangVuDai	275	0	95	13	5	13	5
11	91	25*4everChickenBBQ	139	0	99	30	51	0	8
11	92	62*MüNöCh¬iQuyÒn	206	0	99	22	26	5	8
11	93	08*ZzzMrJackzzZ	337	0	96	21	6	14	3
11	94	03*NFFindGash	289	0	99	29	19	14	14
11	95	68*MrShiRoHoo	306	0	91	77	58	5	4
11	96	22*zzCBzHoangDung	276	0	95	17	11	4	5
11	97	04*jzzzzBoDizSoAi	353	0	95	242	189	14	12
11	98	66*ZzKAATzZ	115	0	96	6	18	3	12
11	99	66*LamNhuVi	285	0	99	16	6	10	1
11	100	66*hiensatthu	205	0	97	9	7	4	5
11	101	07*WoWSeXySeXyGirl	325	0	93	57	36	6	3
11	102	06*iNDHzTiaGia	309	0	98	21	11	5	4
11	103	07*zFBCzCalVjnKlejn	217	0	99	45	39	5	5
11	104	90*PÐCh¶nh	319	0	94	86	66	4	5
11	105	62*iS2iMotTinhYeu	284	0	99	70	63	5	4
11	106	90*vbonus24h07	307	0	99	65	57	12	12
11	107	08*iDJScorpioxZ	308	0	99	105	88	11	8
11	108	66*ACEoTrollMeMay	300	0	99	21	9	10	6
11	109	33*2Tay2EmVcl	223	0	98	24	24	5	4
11	110	66*DITimAnSo113Hg	288	0	99	33	24	5	4
11	111	03*BacKieuPhong999	142	0	99	8	52	1	7
11	112	16*IDaoHoaCongTu	252	0	99	71	65	4	5
11	113	89*VPoAcNhanCoc	260	0	97	39	33	5	4
11	114	62*oOoHeNeiKenoOo	231	0	97	6	3	6	3
11	115	08*IfYouWantzzz	325	0	94	97	68	11	8
11	116	62*TaoNongRoix	221	0	99	33	29	5	4
11	117	07*AnMayxx9Kiep	299	0	99	64	48	6	6
11	118	02*izTrumCBQvip	209	0	96	15	13	4	5
11	119	07*IoITieuPhuong	181	0	99	122	116	1	8
11	120	25*IoxBadGirlz	200	0	97	51	52	1	8
11	121	14*yoyoyono1	258	0	97	7	2	7	2
11	122	22*MikuOhaShi	243	0	96	39	35	5	5
11	123	03*oS2oTeenMapCBQ	281	0	98	61	49	9	10
12	1	02*TriCaoHonNui	430	200	99	613	269	29	19
12	2	22*ioHienHonHoz	427	190	98	223	134	31	18
12	3	08*zZzLaDieuBongzZz	414	180	98	148	79	14	8
12	4	02*1zEspada	418	175	89	239	135	42	32
12	5	11*LazyPigZ	409	175	99	88	58	52	44
12	6	20*oS2oGoogle	390	165	98	234	166	38	34
12	7	22*01xChanhChua	386	160	99	389	257	24	16
12	8	02*KrznzQuanlaodaiz	391	155	86	208	143	67	53
12	9	07*zIzNamPink	383	150	98	87	46	18	13
12	10	66*TUYETMAIYEUHAI	273	100	93	75	64	30	33
12	11	03*xXxChanhChua	441	100	99	338	229	13	4
12	12	15*SaKuRaGhi	253	100	99	78	69	5	4
12	13	10*SSS000SSS	318	100	96	72	46	4	5
12	14	22*OoMjnhLaioO	361	100	97	36	18	19	14
12	15	06*S2oMonster	335	100	97	96	77	6	4
12	16	17*0KoDauViQuaTrau0	319	100	99	142	125	13	10
12	17	14*ZzzzPeXunzzzZ	289	100	99	51	39	4	5
12	18	23*MsJimmy	280	100	99	50	37	17	14
12	19	25*KhoaiKhoai	255	100	99	82	77	5	4
12	20	62*ioImLÆngMµKhãc	245	100	96	19	23	5	2
12	21	04*ZxWindyNightxZ	221	100	97	11	8	3	6
12	22	25*NuHiepAnMay79	305	90	99	28	17	21	14
12	23	22*ImmaRapeYou	306	90	97	78	58	4	5
12	24	23*DanChoiGai18t	282	90	94	83	83	16	12
12	25	10*o0FallingDown0o	339	90	98	91	70	6	3
12	26	01*SoHXinhoS	233	90	99	31	26	3	6
12	27	06*C¸iBangKïi	234	90	97	97	91	3	8
12	28	03*sHUG¤s	381	90	99	125	70	7	3
12	29	66*IxITiÓuThiÕuGiaI	301	90	97	68	54	12	12
12	30	09*daicatayhoa	251	90	98	85	75	11	12
12	31	11*BUOMnuotCHlM	332	90	98	165	122	31	29
12	32	14*DaiKaQ	335	90	94	63	48	7	4
12	33	20*DreamII	319	90	99	64	42	8	6
12	34	07*InternetExpIorer	270	90	99	134	126	4	5
12	35	15*oNuhiepCaibang	251	90	98	43	38	7	2
12	36	62*TruGianDietBao	224	90	96	24	21	7	4
12	37	17*thiensutinhyeu09	201	90	94	104	115	6	11
12	38	17*zIzAlexNga	189	85	99	81	80	7	11
12	39	66*TruyenThuyetCBB	247	85	96	79	67	5	5
12	40	09*daibangaycanh	300	85	90	47	35	11	6
12	41	06*S2o1BongYTien	298	85	99	62	51	5	4
12	42	20*S2HuongLan	230	85	99	126	125	4	5
12	43	07*AKimTien07	232	85	98	71	61	4	5
12	44	08*CoBeThanLong	319	85	97	98	71	5	4
12	45	11*Mro3ma	324	85	94	61	45	23	19
12	46	03*ZzCBBTuyetNhizZ	359	85	96	67	36	7	4
12	47	12*iHaoHaoMiChuaCay	404	80	99	506	400	16	11
12	48	09*britainUS	237	80	99	59	69	6	3
12	49	11*taythidauphu9x	380	80	98	135	109	14	7
12	50	66*IBachToTrinhI	270	80	99	57	50	7	5
12	51	07*1§¹pvµomâm	250	80	99	29	22	7	3
12	52	02*zZzNguyenThong	372	80	99	275	217	8	1
12	53	03*oLucKyBaByo	301	80	98	102	88	4	5
12	54	06*LAKKYBOYLANGTU	222	80	99	65	62	3	6
12	55	20*NghÌoMµChÊt	202	80	97	32	29	4	5
12	56	10*lalangbanhxom	219	80	98	66	59	4	6
12	57	02*HaiAnhCBB	375	75	99	144	97	37	30
12	58	08*IzHanKyLong	402	75	89	206	107	9	4
12	59	08*zZBenka0o	313	75	95	27	14	10	8
12	60	03*QfxxOngGiaLangTu	273	75	99	38	36	4	5
12	61	11*cabaxa1	313	75	96	47	34	12	9
12	62	07*Motgayhoithanh	206	70	98	83	82	5	4
12	63	11*oS2oChillySoS	256	70	99	65	57	5	4
12	64	02*zBigZerox	356	70	96	66	42	6	3
12	65	08*UmXiLaBumXeo	313	70	99	134	115	9	6
12	66	91*oF0WoHoaPhongKK	392	70	99	229	179	14	10
12	67	11*VbonusCBB	221	65	91	144	132	7	12
12	68	02*HaiTacVipPro	282	65	99	104	92	8	10
12	69	08*FiDenCasso	300	65	98	113	98	5	5
12	70	08*conquyenphap	297	60	96	55	39	5	4
12	71	02*oS2oMrTamSoCiu	334	60	95	79	60	11	6
12	72	22*oooArieszzz	385	55	98	80	42	22	14
12	73	08*XxChienLangxX	230	55	96	122	109	7	10
12	74	02*zTieuThuHoDinhz	274	50	99	123	119	6	3
12	75	03*MrsLyMacSAuZzZ	231	0	99	27	23	2	7
12	76	12*zGietzNQV	231	0	99	44	44	2	7
12	77	10*kiepcambong24	260	0	96	8	1	8	1
12	78	92*HanEmx1xKiep94	239	0	96	6	3	6	3
12	79	03*dacaubong184	327	0	99	192	157	11	8
12	80	43*zzConVitMap	315	0	99	167	149	7	2
12	81	63*khanhHa	297	0	94	181	170	7	7
12	82	02*HeoC0nDeThu0n9	270	0	96	21	14	21	14
12	83	43*DJzFirstGodzCBBz	304	0	98	138	123	12	11
12	84	08*ooLinhxuoo	379	0	99	82	51	11	5
12	85	39*zIoTigerVoTinh	363	0	94	85	48	6	3
12	86	02*zIzthanhluan525	316	0	99	21	5	6	3
12	87	35*EmlaCBB	211	0	96	16	14	4	5
12	88	23*ChetMeMayDi	254	0	97	24	17	8	1
12	89	08*XinLoiEChiuKNoi	234	0	97	6	3	6	3
12	90	10*Jx2HeoSuaIIz	300	0	99	20	8	7	2
12	91	16*DaoHoaTienNu	249	0	95	92	89	5	5
12	92	71*11221122M	354	0	99	87	60	20	15
12	93	23*Jx2VitVitDap	349	0	99	40	22	8	4
12	94	07*zKÖzBèzzz	318	0	99	63	43	5	4
12	95	08*zZzManhKaKa	307	0	98	88	73	11	10
12	96	11*HuyetBong	353	0	99	33	17	33	17
12	97	02*t0imu0nkh0c	289	0	97	9	2	9	2
12	98	08*p1xxZTieuTuZxx	211	0	97	6	6	4	5
12	99	17*KksLifebuoy	321	0	97	37	23	5	4
12	100	03*DamDamSuTi	283	0	98	97	80	5	4
12	101	02*izOngTrumCBBiz	205	0	96	27	36	17	20
12	102	08*BµL·oB52	194	0	99	27	26	15	19
12	103	33*burukumu	323	0	94	31	16	4	5
12	104	02*denhatCBB	213	0	99	59	60	2	7
12	105	04*NVDMinotaur	316	0	99	90	73	4	5
12	106	10*o0JET0o	187	0	97	4	5	4	5
12	107	62*CuonTheoChieuGio	287	0	99	40	31	16	12
12	108	91*TªnC¸iTh»ng	289	0	93	56	46	11	12
12	109	08*ZzoMabu89ozZ	336	0	99	115	74	8	7
12	110	63*o1GayVoDauo	263	0	93	45	39	6	6
12	111	89*S2oTamMao	213	0	96	62	58	2	8
12	112	10*ZzHeo0QuayzZ	255	0	99	73	62	3	8
12	113	07*iS2oF3xCBBxoS2i	287	0	95	23	16	8	1
12	114	13*ioImLÆngMµKhãc	210	0	96	14	20	8	6
12	115	12*CBBzLoveAngel	367	0	96	62	33	8	1
12	116	33*jahalang5a1	245	0	97	87	78	4	5
12	117	01*JV«M«nPh¸i2	254	0	94	19	12	19	12
12	118	01*xzOTAYMONTUANzx	239	0	99	16	10	8	8
12	119	39*oO¡nMµySµi§«La	319	0	97	120	81	4	5
12	120	66*EvanescentWhite	284	0	95	124	94	10	11
12	121	24*NguyÔnHßa	258	0	96	115	109	7	9
12	122	08*KePhaRoi1	227	0	98	20	17	13	14
12	123	03*S2oApologise	230	0	99	28	23	6	4
12	124	90*LènLµo	347	0	97	98	58	5	4
12	125	04*IooS2ooI	230	0	91	10	8	10	8
12	126	02*S2iTaxiS2iT3	264	0	99	28	23	5	4
12	127	08*hungxungbavolam	219	0	99	18	15	6	3
12	128	68*DajCaThjenMa	246	0	99	25	17	7	2
12	129	08*zzMeGaiDepzz	216	0	96	24	32	5	4
12	130	12*1stXedienTC	293	0	97	257	228	5	4
12	131	10*xzThienThanxz	211	0	96	11	10	7	5
12	132	09*oNeeNeeo	266	0	99	18	12	5	5
12	133	07*oIoGun	226	0	99	9	15	6	3
12	134	08*iiiSoCry	348	0	96	121	77	17	12
12	135	07*JuzChjll	194	0	96	9	11	9	10
12	136	01*ClickzZzzz1	368	0	98	82	49	11	6
12	137	08*chubevasocola	189	0	91	11	13	11	13
12	138	62*SummerAngel	239	0	96	7	2	7	2
14	1	22*zzSadForever	505	200	99	501	274	25	2
14	2	08*TTMaiPhuongVDK	443	190	99	435	317	17	8
14	3	23*zLuuKiem	417	185	96	52	13	10	3
14	4	17*zAlexTrungz	405	175	99	258	160	27	18
14	5	23*iozKeo502	404	170	98	134	58	8	3
14	6	08*zS2zSexyBoyxS2x	417	165	99	313	223	16	9
14	7	03*o0oHuyetLongo0o	396	155	96	201	124	34	29
14	8	01*zXiahKjmz	396	150	97	198	128	16	10
14	9	07*contraidatau	401	140	97	148	101	16	6
14	10	25*IoICuéc§êi	288	100	99	58	48	5	5
14	11	22*SelfReliant	300	100	97	47	25	4	4
14	12	10*iPhieuDieuTuTai	301	100	99	76	69	33	33
14	13	62*llAquariusll	365	100	99	169	113	8	5
14	14	09*IzPrjnCsKenCiu	330	100	97	150	112	8	6
14	15	66*oOomáthiÕcoOo	319	100	97	122	91	12	12
14	16	04*o1zRuaThieuGia	327	100	98	84	60	10	8
14	17	11*NguyetXaPhi	308	100	97	65	44	5	4
14	18	02*zIThichAnPho	367	100	97	96	53	7	2
14	19	07*IzKi3mThi3nK30	387	100	98	185	132	8	3
14	20	12*Jx2iPhieuBat	451	100	99	610	386	16	9
14	21	06*o0QoThiªnoQ0o	307	100	96	63	41	5	6
14	22	15*TinhVoTranChan	283	90	99	79	86	5	4
14	23	62*o0oHunTerCityo0o	299	90	99	132	102	9	10
14	24	07*ZzoGaRunGozZ	368	90	99	93	29	6	3
14	25	11*KunVoTink	317	90	95	67	55	8	6
14	26	02*itachi1989	320	90	99	92	69	6	3
14	27	06*oS2oVampire	344	90	99	86	59	14	9
14	28	01*oIodatinhoIo	359	90	95	161	119	16	13
14	29	17*DocCo9Ki3m	291	90	99	106	88	13	18
14	30	10*oJxPhuDu	304	90	99	28	18	9	8
14	31	66*ZzzGaiBanThan	345	90	97	144	91	6	3
14	32	08*FangShou	356	90	95	99	39	9	7
14	33	04*ZTuHacChanNhanZ	323	90	98	74	50	7	6
14	34	23*52OzBangLangTimz	333	90	99	211	138	6	4
14	35	03*xConfidence	328	90	95	95	64	5	4
14	36	22*ZZChuÈnv«®èiZZ	291	85	99	60	53	4	5
14	37	62*§ÞnhMÖnh	317	85	95	83	61	7	7
14	38	17*o0oMissEveryo0o	319	85	99	230	197	17	15
14	39	02*SKwoonsangwoo09	300	85	99	75	62	7	5
14	40	23*1s2QueChoa37	316	85	97	42	29	4	5
14	41	01*BungFeDepZai	327	85	96	61	39	6	3
14	42	07*T×nhNh­L¸BayXa	350	85	98	74	41	6	4
14	43	66*zZLªuLªuZz	284	80	99	76	80	4	5
14	44	01*emlavodangkiem19	352	80	97	101	58	10	6
14	45	62*ChiGaiCuaNaRa	289	80	99	51	38	5	4
14	46	08*oS2oDoRaeMon	345	80	98	29	8	5	4
14	47	20*MacbookPro	285	80	99	46	35	7	2
14	48	09*izLuckyStar115z	295	80	98	44	28	6	3
14	49	14*o0TrieuLeTran0o	286	80	99	105	115	18	12
14	50	17*ZxL·ngT­trioxZ	381	80	98	98	66	25	19
14	51	23*S¸tMécLong8x	290	80	95	146	131	12	13
14	52	17*oOoKeVjnRaIo0o	309	75	99	81	67	4	5
14	53	08*N4mHi3pVoDang	362	75	98	323	230	8	3
14	54	23*oDiTimBinhYen	318	75	96	86	69	7	4
14	55	11*0o0boy9x0o0	287	75	97	68	66	7	2
14	56	07*Ex1stNgayKhongEm	348	75	99	235	189	7	3
14	57	01*iMrFriday	307	75	99	67	54	13	11
14	58	17*oSamSamXo	301	70	99	109	96	16	15
14	59	62*mrVoDanh	305	70	96	95	88	7	6
14	60	07*kiemma0123456789	307	70	96	93	68	5	4
14	61	08*B52BlackCat	317	70	98	56	36	6	5
14	62	08*xIIxWuDangG9	317	65	97	81	57	9	10
14	63	02*dothivan0512	287	65	96	65	54	6	3
14	64	20*oS2oZeusQT	403	65	98	253	152	17	9
14	65	07*KiepPhongBa	296	60	99	129	110	5	4
14	66	08*S2oKiepRongBuon	343	60	95	144	111	6	4
14	67	08*HuaKiemCuu0	336	55	98	47	27	9	7
14	68	17*NhokVDK	296	55	98	82	70	5	4
14	69	24*zS2zSadMyLove	368	50	97	171	99	8	3
14	70	08*ZosLigeduZest	299	0	99	32	21	5	4
14	71	17*iWhiteDrag0n	301	0	98	73	41	6	4
14	72	15*oIoKDxKhox	285	0	99	65	54	7	7
14	73	22*TPxMrTyDAVx	304	0	99	109	80	4	7
14	74	90*NhãkCon	305	0	95	74	51	5	4
14	75	32*ooJune	352	0	99	103	66	7	2
14	76	62*iDomakazi	285	0	96	53	42	3	6
14	77	07*ZxxxLinhPh0ngzS	319	0	97	117	87	5	4
14	78	15*NongDanVoCamzSz	341	0	99	108	53	7	3
14	79	02*oOoKhoaiLangoOo	337	0	99	126	101	9	8
14	80	23*JiVandamme	387	0	98	134	89	31	22
14	81	09*TrayMienTay	312	0	96	90	68	8	6
14	82	50*ZzChiYeuMinhHeo	312	0	99	73	65	6	3
14	83	08*zzKiemDaoDocTon	287	0	99	52	42	13	8
14	84	08*Mr24h0nline	327	0	99	41	25	26	20
14	85	26*0oVoHinhKiemo0	345	0	96	83	52	8	6
14	86	04*o0TrieuTuLong	332	0	98	76	58	20	19
14	87	35*BackToOldPlace	285	0	98	132	104	3	6
14	88	26*zzAiHaneda	359	0	97	90	51	6	5
14	89	03*iS9xTieuYeu	298	0	99	79	64	8	8
14	90	68*ZzTrumVDKzZ	306	0	94	174	142	5	4
14	91	08*nhamthienhanh88	342	0	99	99	73	6	3
14	92	22*1S2KiemVoTinh	281	0	95	32	33	8	1
14	93	15*0oVuaPKzRAMBOz	367	0	99	473	301	35	33
14	94	01*NgheSiCongLy	352	0	99	95	44	7	2
14	95	03*HOANGYVI	278	0	97	82	67	5	4
14	96	17*CVoTuongTuKiem	282	0	98	97	76	4	6
14	97	68*IxThienNhi	352	0	97	104	70	6	3
14	98	02*1022012zTiger	300	0	99	32	19	5	6
14	99	01*Toantienty	285	0	98	24	14	24	14
14	100	08*Jx2iEvilSmile	378	0	99	33	12	10	2
14	101	07*LHQzTaiWanSad	275	0	98	74	61	10	6
14	102	08*SapKeNo1	293	0	95	43	30	8	4
14	103	33*oTBoMrKentxxx	321	0	99	210	162	5	4
14	104	13*o0oHunTerCityo0o	287	0	99	115	89	11	14
14	105	90*Jx2vdkPhieuDu	329	0	97	77	62	6	3
14	106	62*sTr­¬ngTamPhongs	277	0	97	46	33	4	5
14	107	43*S2LoveFrance2S	326	0	97	86	55	6	3
14	108	22*ThayGiaoTheDuc	290	0	99	37	25	4	5
14	109	08*PmPeDaiNgoczy	295	0	97	37	28	6	3
14	110	07*VoDang10x	273	0	96	74	63	5	4
14	111	08*ZzZMiuLiuLyZzZ	309	0	99	81	69	10	8
14	112	09*iEvilRose	295	0	99	63	54	6	3
14	113	20*MËpNg¸oKuTe	305	0	94	88	78	4	5
14	114	08*zAKh¾cThiªnThiªn	324	0	92	74	56	14	8
14	115	20*Aphrodite	298	0	99	67	50	6	3
14	116	09*xxxSonGoKuxxx	299	0	99	52	40	5	4
14	117	19*oVDKoGiny	302	0	94	174	148	7	5
14	118	01*SapkeNo2	285	0	95	43	31	8	5
14	119	02*ZzMrTamIsTaozZ	281	0	96	16	8	16	8
14	120	08*IxxVoTinhKiem	336	0	96	107	62	6	3
14	121	26*xTLoKCx	318	0	99	125	90	5	4
14	122	09*x6789xDaiMao	308	0	99	45	31	24	20
14	123	50*oDJoColorOfLife	280	0	94	49	42	5	5
14	124	08*ozzHappySmile	383	0	96	210	120	9	3
14	125	01*ARTo0oDeeDee0o0	282	0	99	70	63	8	3
14	126	20*DungNoiNua	278	0	95	45	39	26	24
14	127	22*§VTxxLªLÞch	287	0	96	34	24	4	5
14	128	23*MrCauBin1102	298	0	97	50	40	8	1
14	129	20*1StZzXuyenTinzZ	306	0	96	30	19	7	2
14	130	08*SongNoiTam	292	0	99	103	88	5	5
14	131	12*oCafeSang	278	0	99	40	39	4	5
14	132	06*MrSayLAC	314	0	99	50	36	5	4
14	133	08*izVoSongVDK	321	0	98	53	37	7	7
14	134	90*longphi2014	301	0	96	127	109	5	4
14	135	09*SuperSOI	326	0	93	92	71	10	8
14	136	08*oOTuyetNhiVDKOo	319	0	96	23	10	11	9
14	137	14*oOHoµngPhongOo	297	0	99	30	24	9	3
14	138	15*KiemMaTroLai	324	0	99	168	132	6	3
14	139	19*ZzzGaiBanThan	322	0	97	138	87	5	4
15	1	68*oS2oCloudy	252	270	98	62	56	13	12
15	2	11*TzEndLessLovEzK	372	200	98	141	102	12	7
15	3	02*s2Eyess2	357	190	99	61	54	6	3
15	4	17*ZzKyMaBenzZ	350	180	98	211	175	14	11
15	5	02*MirandaKerr0000	354	175	95	255	206	31	26
15	6	09*o0NgocHanBaBy0o	343	175	98	158	127	6	6
15	7	07*xxN¨ng	342	170	97	166	124	7	5
15	8	11*zZThanbuT	338	155	95	64	48	6	3
15	9	22*iLzTrieuHoangNhi	334	155	98	179	136	7	2
15	10	08*zZ1NamPhong1Zz	334	150	99	88	71	6	3
15	11	25*MsrMaica1	203	100	98	51	58	4	5
15	12	06*zVâ§angBuffz	233	100	99	25	26	2	7
15	13	15*ZzshashazZ	237	100	97	49	61	5	4
15	14	14*3iYoung	258	100	98	64	58	6	6
15	15	22*ThoangHuongXua	280	100	93	24	14	2	7
15	16	08*TaRalies	319	100	98	151	116	4	5
15	17	03*cuunguythienha1	298	100	99	82	65	6	3
15	18	23*lILaoTaMrBinIl	293	100	99	46	33	5	4
15	19	01*vdbtrolaijx2	303	100	99	111	99	5	4
15	20	20*KriForeverVDB	316	100	97	68	47	8	7
15	21	10*MagicPen	253	100	99	32	27	8	7
15	22	04*Tõ²Tr­êng²Khanh	244	100	99	55	54	6	7
15	23	17*ZzADeathzZ	193	90	99	79	77	3	6
15	24	03*BlackAmorNo2	259	90	93	83	68	5	4
15	25	20*zzzcollzz	290	90	99	39	29	5	4
15	26	23*Ng«iSaoB¨ng	255	90	96	26	20	10	11
15	27	06*ButInox	251	90	99	30	24	5	4
15	28	04*oVNForReVer	281	90	96	22	17	6	3
15	29	09*IzKenHamChoj	303	90	98	45	29	5	4
15	30	22*MuaDongKhongEm	295	90	96	44	34	6	3
15	31	01*Truyhånph¸n	231	90	99	51	47	12	14
15	32	25*anhlvc	212	90	98	18	21	4	5
15	33	17*MacThuPhong	235	85	99	72	70	7	4
15	34	03*IzAngelline	238	85	98	59	54	3	6
15	35	11*IzLCzDaQuayLai	302	85	99	47	34	5	4
15	36	08*zZzromanticzZz	277	85	99	116	107	37	38
15	37	07*izAnhVietzi	287	85	96	60	49	6	3
15	38	02*IzNg¸o	263	85	96	22	14	7	7
15	39	16*iiSnowFox	351	85	95	364	319	14	10
15	40	20*VicTjmOfGame	283	85	96	54	43	5	4
15	41	62*zAnhVietz	264	85	96	81	75	21	25
15	42	01*S2QuyQuiQuai	261	85	94	75	57	7	6
15	43	03*zBlueAngelz	271	80	99	54	41	7	2
15	44	07*o0oPeKiuKyo0o	267	80	99	76	68	7	3
15	45	08*oZoHappySmile	213	80	99	71	70	4	10
15	46	11*toantkls	215	80	99	79	76	13	14
15	47	01*T«nNgéKh«ng	272	80	99	120	109	8	4
15	48	20*hiruta	243	80	99	87	82	4	5
15	49	02*ChickLaPhe	194	80	96	36	36	5	9
15	50	07*zGauPanDaz	221	75	94	35	43	5	4
15	51	03*DeiDara	223	75	98	56	50	6	7
15	52	11*sieuqoai123456	217	75	97	34	34	6	3
15	53	20*L·ngTöNB	275	75	94	54	44	7	2
15	54	02*ChÞLµHotBoy	202	75	93	38	44	4	5
15	55	20*Th«ngAsFF	193	70	96	59	60	4	5
15	56	03*ooPucca	228	70	94	78	65	5	5
15	57	02*QuËnChóa1108	245	70	96	55	47	7	2
15	58	08*c7PhuongMyChi	249	70	98	143	134	8	11
15	59	08*TuyetTinhBut	300	65	99	63	52	7	2
15	60	20*zzBietTimDau	219	65	99	88	89	5	4
15	61	03*caytienlachinh3	110	65	98	29	40	0	10
15	62	20*1stOcheaRyn	100	60	92	53	67	0	9
15	63	08*zIzTinhAnhVDB	174	60	76	24	29	19	24
15	64	07*oKemB«ng	119	60	97	25	64	1	9
15	65	08*TanKiemCuongLong	219	55	94	41	58	6	3
15	66	16*IikKaIsuoliI	328	50	95	281	228	5	4
15	67	07*ZxTranTuan80xZ	321	50	91	36	20	8	3
15	68	07*oFC36SUZUKIo	326	0	98	100	68	5	4
15	69	62*1stMasterFire	247	0	96	39	48	6	2
15	70	07*zFBCzBabyLove	282	0	96	37	29	22	15
15	71	03*oHuyenThoaiVDB	284	0	92	80	71	4	7
15	72	16*CamButVeBay	285	0	95	114	110	7	7
15	73	62*izAnhVietz	316	0	96	40	28	11	5
15	74	62*VDBpro	309	0	96	24	9	6	4
15	75	09*iFatimayyy	216	0	99	24	27	4	5
15	76	08*oStarDream	274	0	95	24	13	4	6
15	77	89*ArvilLarvil	278	0	99	74	63	5	4
15	78	16*iTeamDaoHoa	326	0	99	189	159	5	4
15	79	22*DinhAnhDepTrai	241	0	99	110	99	5	4
15	80	10*zIzTrumPhoCozIz	202	0	99	5	4	5	4
15	81	17*xxChinhTamxx	165	0	96	5	10	5	10
15	82	01*tucongtu	191	0	99	5	5	5	5
15	83	09*XxRaiderxX	166	0	99	46	85	3	6
15	84	06*zZzl·ngtösÇuzZz	237	0	98	58	52	21	21
15	85	09*oOoAliTrinh	286	0	98	115	105	4	7
15	86	03*thanhchienPro	256	0	99	7	2	7	2
15	87	43*DJzHiImSneak	205	0	97	31	29	4	7
15	88	02*Jx2ChanhDa	251	0	95	117	108	4	5
15	89	22*zCäpC¸iz	250	0	98	57	49	3	6
15	90	90*FoReVerAloneCZ	252	0	99	41	47	5	4
15	91	08*zzEXCITERzzHU	160	0	98	22	46	1	6
15	92	07*ThoCoNy	272	0	99	82	77	7	4
15	93	17*CamButVeEmYeu	238	0	99	7	2	7	2
17	1	22*HenrySilverRays	431	200	98	201	97	13	7
17	2	03*MarkHenryNo1	423	190	98	200	97	12	7
17	3	09*iYangGeneral	410	185	97	356	224	26	18
17	4	08*2XiLamXung2Xi	405	180	99	236	141	7	4
17	5	22*zzUnBreakMyHeart	400	175	98	288	220	28	19
17	6	22*1stHoangKenry	366	165	99	114	75	20	16
17	7	23*zLangTuYenThanh	364	160	99	86	69	6	3
17	8	07*zZNoiKhiepSo	360	155	98	259	201	27	28
17	9	17*1stPhaThienKich	359	150	98	351	298	23	20
17	10	25*JxIIIronMan	343	100	98	106	92	26	23
17	11	11*zMonsterBeoIIRz	355	100	98	111	72	12	6
17	12	20*0zFAoKotex	328	100	95	115	83	5	4
17	13	01*IzPhiLongThuong	273	100	96	91	112	2	7
17	14	06*ChuTieuWetLaDa	254	100	99	88	90	3	6
17	15	02*0oTrieuVan0o	322	100	96	43	29	5	4
17	16	15*1stNguyÔnNhËt	253	100	99	47	37	6	3
17	17	66*1stReset1CuocTinhzZz	222	100	99	30	27	8	7
17	18	14*aNhk0chiN	206	100	99	26	25	4	5
17	19	11*TuongDuongGia	258	90	93	97	88	11	11
17	20	02*xEmnhíAnh	256	90	99	48	41	5	7
17	21	62*aldaica79	279	90	96	64	53	4	5
17	22	23*LamGiaHuy	311	90	96	96	105	10	6
17	23	17*PhaLeThuong	255	90	99	84	80	14	14
17	24	22*nvluan2701	253	90	99	76	64	4	9
17	25	01*sOsCuLyPhiSHsOs	243	90	97	70	65	36	36
17	26	07*DGiHoTamNuongz	312	90	98	47	35	4	5
17	27	20*akayoii	306	90	99	79	62	17	17
17	28	03*KNoAthena	352	90	99	113	66	23	20
17	29	06*satnhanlaanh	248	90	95	62	55	2	7
17	30	10*zzzThatHoangTu	238	90	98	34	34	9	8
17	31	02*iS2iiiATHENA	186	85	99	38	53	3	6
17	32	03*DGiKiBinhThep	277	85	96	113	100	24	26
17	33	07*hongthienlong154	321	85	99	85	61	6	4
17	34	11*HoneyLove	253	85	96	25	17	6	6
17	35	23*sumcuraychua	262	85	99	58	50	4	5
17	36	22*zzCuKemMjtzz	292	85	99	66	83	5	5
17	37	08*oHHoDoanhThien	319	85	95	96	78	21	19
17	38	09*PÐSun00	254	85	97	50	44	7	9
17	39	20*onghoangxanh	236	85	99	76	66	6	4
17	40	17*oHanhHiepGHo	204	85	98	73	79	4	5
17	41	08*zDzLeh	338	80	95	58	42	11	9
17	42	22*zxQuaKhuDGTver2	299	80	99	350	326	33	28
17	43	02*HoaquasonNo1	229	80	93	59	59	27	24
17	44	23*HiR0SiMA	217	80	88	24	25	4	5
17	45	20*EmZajV0tjnh	206	80	99	28	25	3	6
17	46	11*oS2oLongingLove	317	80	90	53	42	7	2
17	47	24*izYangGeneralzi	409	80	97	311	196	10	4
17	48	03*xzQuaKhuDGTjx2	291	80	99	349	326	32	28
17	49	09*JxTrieuTuLongz	217	80	98	32	31	2	7
17	50	07*HoangVe	344	80	95	81	68	6	3
17	51	22*HutMauCacBanTre	245	80	99	28	62	4	5
17	52	62*OoKKlKimoO	203	80	96	73	89	4	5
17	53	24*iSGzHotelWhiteV2	395	75	94	119	86	15	8
17	54	20*zKhãcThÇm	244	75	99	84	76	7	3
17	55	07*lonlaphudu	257	75	99	135	129	12	16
17	56	08*LuckysupperMan	339	75	97	50	34	6	3
17	57	03*zXTheDeathXz	241	75	99	27	23	13	16
17	58	22*oVampirexKnight	219	70	99	24	93	4	5
17	59	20*chienbinhduongda	263	70	99	75	66	7	2
17	60	03*DGiQuanThang	249	70	98	151	127	5	7
17	61	07*xxTiÓuLongN÷xx	308	70	99	42	31	6	4
17	62	08*is2iDGThienVuong	383	70	98	245	182	21	15
17	63	08*VuDieuDuongPho	279	70	98	28	20	5	4
17	64	08*zZzBoaHancocKzZz	277	65	99	25	17	6	3
17	65	07*oDGToMaTh­¬ngNo1	264	65	92	90	81	4	5
17	66	24*3xDonThuongDocMa	392	65	99	227	167	12	9
17	67	03*zIzL0v3offDGT	193	65	99	60	61	4	5
17	68	07*daicamatran	265	60	99	59	55	7	9
17	69	08*zzHotBoyVNGzz	254	60	98	38	31	6	3
17	70	68*MoreThanICanSay	379	55	96	112	79	7	2
17	71	07*ZzBoBaoFaiNghezZ	260	55	99	55	51	9	7
17	72	08*B¸oTö§ÇuL©mXung	186	55	96	9	10	3	6
17	73	08*kdfhlsigues	220	50	99	60	61	44	43
17	74	07*ZzVoiConzz	183	50	97	25	26	10	13
17	75	08*DaiSoaiMocQueAnh	306	0	98	13	1	13	1
17	76	08*QoAnhThuoQ	268	0	94	27	19	27	19
17	77	03*zNeverBackDowCz	353	0	99	60	42	7	2
17	78	23*xXSangProXx	202	0	99	61	63	14	14
17	79	06*MuènG×N÷a§©y	311	0	96	61	38	5	4
17	80	66*895584	202	0	99	23	31	5	6
17	81	07*DGTooAnhZozHung	249	0	97	12	8	7	3
17	82	04*oIoGangTerDGT	271	0	97	10	4	10	4
17	83	13*aldaica79	292	0	96	59	48	6	3
17	84	10*HrTrieuTuLong	223	0	94	23	19	11	11
17	85	68*langtuanhhung87	256	0	99	107	108	5	4
17	86	39*S2BGsTraChanh	233	0	98	31	38	6	3
17	87	04*1stNano	222	0	98	5	4	5	4
17	88	20*Vò§iÖuSlow	219	0	99	6	3	6	3
17	89	71*ChuMinh	212	0	97	10	8	10	8
17	90	43*xxxIThienTuIxxx	281	0	96	31	23	4	5
17	91	08*s2gocongtays2	212	0	99	13	19	5	5
17	92	07*xZTrai3BuaZx	208	0	94	38	42	5	8
17	93	03*EmDuongMonCung	220	0	99	37	66	4	8
17	94	62*totety	253	0	96	12	5	12	5
17	95	09*xXuHaoBapCaiXx	205	0	96	31	56	5	4
17	96	68*OOODuongThatLan	219	0	97	35	32	4	4
17	97	06*xNgeoChiuChoix	204	0	96	6	5	5	4
17	98	04*OoduongquaOO	241	0	99	27	23	15	13
17	99	32*xoxDGTXuyenTien	338	0	99	173	131	6	3
17	100	23*nh0ckb0o	271	0	95	58	38	3	6
17	101	62*DGiMocQueAnh	310	0	98	131	94	10	6
17	102	03*nguoinhen0109	238	0	98	28	32	6	3
17	103	66*DuongGIaThuong7x	226	0	97	30	34	5	4
17	104	12*zZHeroCaravenZz	364	0	98	88	53	13	8
17	105	68*anhhungdung	251	0	99	51	42	6	3
17	106	22*iSGxLangTuKhung	237	0	96	7	2	7	2
17	107	39*lôcthiÕuhiÖp	224	0	99	67	59	7	8
17	108	07*OnlyLoveF0rYou	186	0	91	87	86	3	6
17	109	09*zThjenThanTuyetz	215	0	99	7	4	6	4
17	110	08*TruyMenhThuongz	355	0	96	117	75	14	9
17	111	19*895584	202	0	99	22	30	4	5
17	112	07*zLSzKeHuyDiet	318	0	99	69	41	6	4
17	113	62*oooLaRung	247	0	95	64	60	3	6
17	114	50*Jx2HToChym32Cm	312	0	98	134	95	8	10
17	115	91*chip9x123	359	0	96	77	53	7	3
17	116	08*zZConRuaSiDaZz	198	0	92	69	67	6	6
17	117	13*DGiMocQueAnh	316	0	98	129	90	8	2
17	118	04*PeChuaBietYeu	302	0	96	22	13	15	9
17	119	09*oS2oDemonStar	262	0	97	48	39	8	8
17	120	62*ZoAngRyBirdNo1Zz	256	0	97	21	14	10	5
17	121	09*NGUYENQUANGDUY	312	0	99	41	24	5	4
17	122	33*iNgocOanhTeamDGT	259	0	95	49	43	5	4
17	123	08*WOTGHOSTMAN	208	0	95	19	28	4	5
17	124	06*ChienThanACB	285	0	97	79	67	44	44
17	125	08*MensutOzillz	246	0	97	31	24	7	2
17	126	90*DonQuiXote	276	0	99	13	6	5	4
17	127	10*xBopChim	209	0	99	47	64	4	5
17	128	14*PKzCuiMiaDGT	197	0	96	9	8	9	8
17	129	06*SandaraPark2NE1	260	0	99	7	2	7	2
17	130	03*zzSselemit	223	0	99	65	66	6	5
17	131	02*VuaChuot	325	0	99	111	71	4	5
18	1	08*oiVuaPKDcZeuso	404	190	96	102	43	11	6
18	2	02*ZzBaZooKazZ	400	185	99	164	105	7	2
18	3	07*z1StzMonQuaVoGia	397	180	97	45	15	9	3
18	4	15*oCoBeBanKhoaio	388	165	92	229	142	22	15
18	5	22*zBGzCityHunterz	385	160	99	191	130	17	13
18	6	23*IooDiBanEXP	368	140	96	113	71	6	3
18	7	01*NghÞchThñyHµn	365	100	99	72	39	14	6
18	8	22*BanXongNop	364	100	95	82	35	14	8
18	9	23*LUCFFYKUN1	416	100	99	236	148	21	9
18	10	62*WHOiAFKzJudas	346	100	98	68	27	5	4
18	11	66*iiizzXADIEU	334	100	98	214	189	14	13
18	12	09*LangNhan	328	100	95	71	49	11	11
18	13	15*B52zTzRex	424	100	96	88	34	8	1
18	14	04*izBanXongNup	359	100	95	75	29	7	2
18	15	03*xNo1zMonQuaVoGia	361	100	97	36	11	8	7
18	16	07*z«zEmYªuz«z	326	100	96	143	111	6	4
18	17	14*S2xNightFury	317	100	97	86	65	43	41
18	18	11*zTieuVyz	314	100	96	145	130	45	44
18	19	25*TiÓuLongS2	304	100	99	97	86	10	11
18	20	06*NhoThuongNT	303	100	98	88	77	4	5
18	21	66*HMT12123	302	90	90	102	91	10	6
18	22	01*1lbzzCh©nDµi	303	90	98	88	68	12	12
18	23	24*zDGCxxThanhCong	420	90	99	138	76	7	2
18	24	02*izOngTrumDgCzi	338	90	99	116	76	7	5
18	25	20*ZxsocolasuaxZ	335	90	99	90	65	25	24
18	26	62*zzNuThanVNzz	338	90	98	90	66	6	3
18	27	17*xxxElNinoxxx	322	90	97	178	156	5	4
18	28	08*IooArrow	351	90	96	107	67	8	5
18	29	25*DaoVanDinh	317	90	95	59	46	5	4
18	30	14*ZzBauTroiNhoZz	301	90	95	104	90	5	4
18	31	06*iMocQueEm	297	90	99	37	24	5	4
18	32	03*MCoReus	324	85	97	154	146	10	11
18	33	11*zCEOzFriendship	314	85	95	101	88	5	4
18	34	62*zIMaLongIz	304	85	95	120	104	25	26
18	35	20*yentrangPRO1	303	85	98	25	15	6	4
18	36	17*TangQuocBao	315	85	99	90	75	16	15
18	37	33*xxS2xxMrGioLaoxx	419	85	97	259	168	12	4
18	38	22*iSvMrDungbt	364	85	99	124	97	16	12
18	39	09*damcutdapmat	323	85	96	103	82	5	4
18	40	02*zZCoGaiHaLanZz	333	85	99	210	163	8	7
18	41	14*ZxSup3rL÷BèxZ	303	85	95	65	55	15	16
18	42	08*oBachVan	311	85	98	354	333	33	35
18	43	04*duongdaxuong	310	85	97	225	187	42	42
18	44	62*oOOoMrHieu	307	80	99	89	76	5	4
18	45	08*oJoKhoaHeineken	320	80	97	54	41	11	11
18	46	22*IoPeMer	340	80	95	130	107	6	3
18	47	14*§¹iHiÖpLongMA	316	80	99	58	42	6	3
18	48	02*thanhminh01	305	80	95	105	81	4	5
18	49	03*iovzZThoMup	304	80	98	241	221	19	21
18	50	06*iTBzEdward	324	80	99	178	161	18	17
18	51	20*ZzKeBuonLauzZ	296	75	96	19	10	6	3
18	52	02*xZThÇnCungxZ	318	75	93	139	124	37	36
18	53	17*ZixRongTheKy	351	75	98	253	205	8	3
18	54	03*ZixLorenkid	338	75	98	245	201	25	20
18	55	11*1stBaByFjtLjezx	300	75	99	40	30	6	4
18	56	06*EndLess1ove	305	75	99	68	56	7	2
18	57	15*iiiBvBlueSky	324	75	99	39	26	5	4
18	58	07*Jx2FC37YeuEm	307	75	96	112	87	11	10
18	59	09*3stTroVezMH	311	75	99	65	51	5	4
18	60	02*JxHuyenLadyxJ	321	70	98	192	170	25	23
18	61	22*VIIzTheArrow	387	70	99	143	76	18	8
18	62	22*DuongTuLang1	300	70	99	44	34	7	7
18	63	07*MÆtVÑo2	311	70	99	59	41	7	5
18	64	11*z89ValenCia	301	70	98	38	27	9	5
18	65	03*VoTjnhBooEm1314	319	70	99	203	172	10	10
18	66	02*1stLoveStoryxIx	349	65	99	55	35	13	8
18	67	22*fQxxlegendaryDGC	386	65	99	162	100	9	0
18	68	01*zZtinhdangcayZz	310	65	99	35	23	7	2
18	69	03*oKillerChocoPie	393	65	96	98	51	14	8
18	70	02*S2ooItacchi88	307	60	99	129	115	6	3
18	71	04*ice004	308	60	99	48	37	9	4
18	72	08*DoubleClick	310	60	97	134	116	33	33
18	73	09*IS2IxLoNgGiaNg	375	55	99	79	45	8	3
18	74	09*iOSBatDietChanNhan	342	55	99	95	74	11	5
18	75	07*Cry0nMyShoulder	301	50	99	63	52	5	5
18	76	24*APiNgheoChaySHi	379	50	99	152	100	6	3
18	77	26*NguoiThuBa198x	310	0	97	89	71	5	4
18	78	68*oJzHËuNghÖzJo	339	0	96	107	59	5	4
18	79	03*zikingDarkiz	298	0	99	52	44	11	13
18	80	07*zSoNightmareZzz	299	0	99	163	148	6	5
18	81	01*HaaaaHiiiiii	309	0	93	88	71	7	7
18	82	08*zDKzDuaConHoang	315	0	96	142	116	5	6
18	83	07*TyDuongGjaCung	306	0	98	33	21	12	2
18	84	08*z0zLordDevilz0z	295	0	99	70	61	11	14
18	85	11*s2oPhi¦ng	305	0	98	64	46	6	4
18	86	17*zB52zSieuChuoi	318	0	99	70	56	5	4
18	87	10*Cr7xKhongCamXuc	322	0	96	65	52	7	4
18	88	07*21EmConYeuToi12	331	0	97	83	60	8	5
18	89	07*CungTieuTien	304	0	98	56	44	6	3
18	90	70*§­êngThiªnH¶i	297	0	99	54	44	5	4
18	91	09*izBigBang	302	0	99	28	17	13	7
18	92	08*No1BangNhiz	302	0	96	128	109	8	4
18	93	07*zTzTIEUNHIzTz	296	0	97	20	10	18	9
18	94	07*iiS2iiJx2SaoRio	293	0	99	63	65	29	27
18	95	03*wAoFemaleHunter	307	0	99	93	82	5	5
18	96	04*duongnguyetk	317	0	95	28	14	14	10
18	97	09*YyyKimNganYyy	323	0	97	97	80	7	3
18	98	68*ZzzXexyLoveZzzz	325	0	96	44	26	5	4
18	99	22*ZZZChipBxZZZ	305	0	98	61	48	5	4
18	100	02*SHiBanhDauXanh	319	0	97	102	90	58	56
18	101	08*SjeuNhanSipTeTua	300	0	96	50	38	7	2
18	102	90*zIzLegendHunter	330	0	96	77	52	7	5
18	103	07*KRBullet	335	0	96	32	18	6	3
18	104	08*14BanToanTruot	311	0	99	33	19	6	5
18	105	03*VIIIzMeoDen	363	0	99	138	74	13	6
18	106	63*xGaiXinhGaiDix	294	0	94	14	5	14	5
18	107	39*Cinderella	331	0	95	98	72	6	4
18	108	20*zOverTime	359	0	94	63	40	17	12
18	109	15*iovzZDgcCuiBapzx	321	0	98	218	199	5	4
18	110	15*4zNhiLanWW	325	0	99	51	38	9	5
18	111	11*XaStressssss	322	0	97	68	42	6	3
18	112	09*Jx2VarusIce	360	0	97	31	16	18	10
18	113	24*iSGvHoTellRedRKK	319	0	99	65	37	6	5
18	114	33*x0xXuyenTienx0x	301	0	98	87	70	5	4
18	115	07*14ozTrungHieu	305	0	94	156	136	21	20
18	116	91*zzDjKenzz	304	0	99	67	56	9	5
18	117	08*zDajThieuGiAz	308	0	96	71	59	9	6
18	118	16*zIThichAnPhoz	316	0	97	262	223	7	6
18	119	15*010Archeryo0o	320	0	98	15	3	15	3
18	120	03*Cr7xuyensoMao	319	0	98	36	25	9	2
18	121	07*zBlueSkyz	323	0	97	19	4	6	3
18	122	17*M0tDieuU0cCh0Em	314	0	98	117	102	8	8
18	123	04*BabySoLovely	320	0	97	23	7	7	5
18	124	08*xOxGiangNgocxOx	302	0	97	13	1	8	1
18	125	02*ThichSoBuom	315	0	95	160	131	5	5
18	126	23*S2TaiGaSaeS21	331	0	95	48	33	42	27
18	127	22*iSvTuoiGiYeuAnh	366	0	99	106	65	6	3
18	128	07*TRAPHACOCNCTYBN	346	0	96	67	27	7	2
18	129	50*oooooOYeuSinhLyo	305	0	96	51	41	5	4
18	130	07*o0oASheo0o	313	0	95	85	69	6	4
18	131	10*37zBeDaiCa	312	0	97	36	18	15	14
18	132	15*zzBeDaiCa	318	0	97	17	3	10	3
18	133	08*zIoL©mXungoIz	294	0	99	34	23	4	5
18	134	03*bantungdit	326	0	96	46	33	7	3
18	135	24*zzBanXongNup	328	0	95	61	23	4	5
18	136	02*s2zGioVoTinh	347	0	99	62	44	8	4
18	137	50*MrQuanUno	310	0	98	62	48	6	4
18	138	02*xHNxMrTue	308	0	99	20	11	11	2
18	139	03*NMDzNghiProzZz	301	0	96	17	6	16	5
18	140	07*TuojTre2015	309	0	98	118	105	11	6
18	141	06*oS2oGreenHills	295	0	99	42	31	27	20
18	142	08*ditmeconga	312	0	98	27	17	23	16
18	143	13*zIMaLongIz	309	0	95	73	57	8	7
18	144	15*LzTamSuBuonZz	326	0	98	103	80	10	9
18	145	08*ooS2oLaLa	330	0	96	105	78	5	5
18	146	17*S2xMaiYeuxS2	294	0	99	79	59	4	6
20	1	08*MrMinhThang	464	190	97	195	99	12	2
20	2	15*jx2zXuyenChiHoa	435	185	98	165	79	8	1
20	3	62*iS2iKeoNutiFood	426	180	95	96	43	8	1
20	4	08*KukPap	426	165	94	95	35	8	2
20	5	20*Nagato	420	165	95	72	32	8	1
20	6	11*TuThanMAULANH	419	160	99	80	40	9	4
20	7	17*oIoLinh255	414	155	98	127	80	9	0
20	8	22*zNGzAnThitMeo	413	150	82	40	14	11	3
20	9	14*anhchangmomho	317	100	99	23	10	5	4
20	10	09*oComeBackMHo	336	100	98	62	41	28	29
20	11	02*ZzDangCapNo1Zz	342	100	97	48	27	5	4
20	12	09*zIDoizBeKhoeBeHu	530	100	97	309	171	33	3
20	13	39*zIGuiWang	443	100	98	151	107	15	4
20	14	04*OngGiaoVungCao	409	100	98	106	70	6	3
20	15	23*xxS÷aVoixx	359	100	99	50	33	9	5
20	16	06*ooS2ooIuVk	400	100	99	88	61	22	10
20	17	07*ZzBÞtMåmBãcTemzZ	396	100	98	94	48	7	2
20	18	66*BadBoy8890	390	100	98	103	78	10	4
20	19	25*xinhmadoc11	347	100	98	26	6	7	4
20	20	10*LeeYoungAe	337	100	98	49	28	5	4
20	21	03*izG9iiRaisoMoon	410	90	97	56	16	8	1
20	22	15*oTreTrau	399	90	99	57	35	8	1
20	23	62*iIioSakuraiIi	397	90	98	95	52	8	1
20	24	08*ChayRujMatTieu	352	90	96	118	86	8	5
20	25	22*o00NhatChiMai	386	90	99	50	29	7	2
20	26	10*7TriBiC0	355	90	95	43	24	6	3
20	27	11*0othoXamo0	343	90	99	92	72	6	5
20	28	07*i99TuyenMissBN	363	90	98	49	22	9	4
20	29	09*zChayRujMatTieu	373	90	96	117	83	7	2
20	30	23*ZzChiRoiChayZz	364	90	99	114	81	7	2
20	31	20*KrPhoCoHn	372	90	96	59	38	7	2
20	32	25*xzSeoLiezx	333	90	98	298	267	27	25
20	33	01*oTQNgocTrinh	311	90	99	71	54	32	24
20	34	02*Ngò§écHµngHiÖu	343	85	92	54	49	7	2
20	35	23*SieuNhanQuay	348	85	96	36	19	22	15
20	36	08*ZziLaoHacZzi	337	85	96	122	102	31	30
20	37	09*oS2oHunterBabiez	316	85	99	54	43	12	13
20	38	22*ThÇyGi¸o	345	85	96	47	31	26	22
20	39	25*NgµyThø52	346	85	99	73	57	13	8
20	40	20*ThanhNien2k16	313	85	99	48	45	7	6
20	41	10*ZXBachPhatMaNux	319	85	99	36	21	4	5
20	42	03*zzQNzzTraiQue	342	85	98	57	37	5	5
20	43	11*0oRemember	331	85	98	88	62	5	5
20	44	62*zVuiLa9PkLa10z	396	85	98	84	54	7	2
20	45	06*xlenhhoxungy	400	85	97	111	80	34	25
20	46	03*xxxxHeoSuaxxx	358	80	98	78	50	8	5
20	47	62*11115555	344	80	93	141	112	19	18
20	48	09*SatThuTrenDuong1	342	80	99	75	54	10	7
20	49	11*0o0NguDoc0o0	368	80	97	77	57	6	3
20	50	07*CDzJusTinBeiBer	314	80	90	81	63	6	3
20	51	20*zjTRYM	345	80	99	76	71	8	1
20	52	10*Ma§o¹tHån	356	80	95	43	24	21	15
20	53	08*AirSanYo1987	328	80	91	57	37	5	5
20	54	09*chonbanmachoi	360	75	99	104	89	7	2
20	55	22*vanminhthaibih	313	75	96	35	23	8	7
20	56	10*cadivi	338	75	95	41	26	6	4
20	57	62*xxDocTrauxxKG	326	75	94	43	26	22	19
20	58	25*rika99	313	75	99	62	48	6	3
20	59	06*iTBzBellaz	314	75	99	110	93	12	13
20	60	08*NTkunkun001	393	75	98	41	20	18	11
20	61	07*xxNgayKh0ngEmxx	318	75	90	42	26	7	3
20	62	03*iBHSt0ryL0vezxz	322	75	97	79	76	5	5
20	63	08*IõhTh×EmSaiI	347	70	97	73	56	50	47
20	64	07*oS2oNguuMaVuong	424	70	99	102	61	15	8
20	65	10*TRUNGLONGTINH2	318	70	99	29	14	6	3
20	66	11*ghostcrazy	358	70	92	26	9	11	6
20	67	62*MagicKnife	367	70	96	21	3	7	2
20	68	22*0hhaychuakia	314	70	99	37	45	6	3
20	69	03*ConNh4Gi4u	343	70	97	64	47	7	2
20	70	06*iLunVjBiDoc	355	70	99	92	67	8	5
20	71	08*IzNatulaHDzI	356	65	99	50	29	7	3
20	72	24*zS2zTieuRestz	409	65	97	89	45	15	3
20	73	06*looiytrh	318	60	99	76	58	10	7
20	74	62*o0oHDxxVUIVEo0o	335	60	90	65	55	7	2
20	75	10*HelloBoy	322	55	99	23	12	11	5
20	76	07*thÇntµi9	322	50	99	42	31	32	19
20	77	03*zNo1zNguuMaVuong	400	50	98	78	52	7	2
20	78	62*N¨m§écCïjB¾pKG	333	50	97	38	23	9	3
20	79	09*doikhongdoithu12	344	50	99	59	61	18	4
20	80	17*DaiZa®iSH	331	0	99	76	51	13	10
20	81	12*moitapchoi1	311	0	95	31	18	4	5
20	82	06*zIzS2VipBoyzIz	324	0	99	32	19	6	4
20	83	10*BissHarmonica	350	0	99	32	19	7	2
20	84	06*SongMa§aoV­¬ng	369	0	97	29	11	21	11
20	85	01*DepTraiNhat5Doc	312	0	97	41	25	6	3
20	86	13*11115555	321	0	93	114	91	8	8
20	87	63*satthulove2	335	0	99	80	60	8	5
20	88	32*canbana	322	0	99	107	95	7	2
20	89	08*piiihg	312	0	99	13	1	13	1
20	90	23*BÐLesXinh	299	0	99	26	36	16	6
20	91	04*1stQuªn	351	0	91	72	46	11	10
20	92	06*OngNoiOBAMAoIo	345	0	97	28	10	7	2
20	93	33*iLanhHuongLang	327	0	99	95	70	16	14
20	94	10*s0sVDBs0s	326	0	96	46	32	10	6
20	95	22*iQfxxMisa	373	0	96	69	38	19	13
20	96	04*HHoVanVatCuiDau	401	0	96	34	21	25	6
20	97	33*iaiaia	337	0	97	32	16	14	8
20	98	09*HangDaCap	371	0	96	23	6	19	0
20	99	22*thuylinh18	329	0	99	89	65	6	4
20	100	11*boytimboychoi	317	0	96	27	14	27	14
20	101	16*IzMADAOzI	373	0	97	94	62	15	5
20	102	10*L·oQuûV­¬ng	339	0	99	40	23	8	2
20	103	23*HåCaxx	318	0	99	62	42	5	4
20	104	20*oIThiThien	340	0	99	36	20	7	2
20	105	90*ChµngC©m	307	0	99	39	32	5	7
20	106	03*ZzSenzZ	356	0	91	71	53	7	2
20	107	19*BadBoy8890	341	0	98	93	73	14	9
20	108	02*zPzCh¬iBùa	372	0	94	36	17	36	17
20	109	06*X5DocProx	310	0	99	47	36	8	4
20	110	43*DJoLangTuDaTinh	323	0	94	46	35	7	2
20	111	90*TªnNh©nVËt	355	0	99	48	28	15	9
20	112	08*oNamLayTayEm	332	0	96	92	53	5	4
20	113	04*zS2zTieuRest	409	0	97	128	74	18	8
20	114	33*HiepDocTL	298	0	96	57	58	4	7
20	115	04*HHoKhongTenTuoiO	335	0	96	59	51	11	4
20	116	11*TuThanHalLey	378	0	98	74	48	8	1
20	117	06*zzS2zzIuCk	317	0	91	44	58	21	9
20	118	63*S2DocThamChym	329	0	96	32	19	5	4
20	119	35*Thanzus2010	369	0	95	116	53	6	3
20	120	91*KuThaiTo	309	0	99	31	18	4	5
20	121	09*xKaVeChuax	306	0	99	72	62	6	3
20	122	07*doccocauthang3	316	0	92	48	32	6	3
20	123	15*0oDocKoKieuNu0o	298	0	96	64	54	6	4
20	124	20*zIIPuPuIIz	338	0	98	29	11	14	10
20	125	17*S2HuongXinhS2	344	0	99	21	4	9	3
20	126	15*oNuHiepChieuHon	319	0	98	28	15	6	3
20	127	06*NguyªnH÷u	319	0	96	44	29	5	4
20	128	08*zzthatmuizz	320	0	96	46	33	12	11
20	129	12*SieuDaiLyVKL	307	0	99	50	34	5	4
20	130	39*thieuhiepnu	313	0	97	51	33	4	6
20	131	04*hackvietnam	332	0	99	58	39	11	7
20	132	35*TieuThuTK	326	0	96	96	84	16	14
20	133	14*zuzocuzuzoen	370	0	96	56	28	6	3
20	134	23*OCarlyRaeJePenO	316	0	99	16	3	8	1
20	135	02*CongTuHoDinh	309	0	94	105	107	5	4
20	136	06*xxESSExx	333	0	97	15	3	15	2
20	137	08*TheMythLH	313	0	96	19	6	6	3
20	138	09*1st§écCæT©yVùcS2	313	0	97	78	64	6	6
20	139	62*skitty	309	0	99	78	65	4	5
21	1	22*zCZzCoolMan	535	200	98	381	138	42	15
21	2	09*zApplEzCZ	506	190	98	372	137	33	14
21	3	01*Cycloner	492	180	99	283	58	11	0
21	4	20*z0zzTinhTuyetz0z	490	175	98	128	61	20	7
21	5	22*iCslPivoCZ	487	160	99	161	52	34	19
21	6	09*zizCsPivoCZ	481	155	99	157	52	30	19
21	7	08*xVuDieuTaoLaox	455	150	98	148	102	37	29
21	8	09*xLiuDiFix	451	140	99	159	72	25	12
21	9	08*UmXiLaBumLaBum	431	130	97	212	133	24	16
21	10	02*GeogerT	394	100	98	141	64	8	5
21	11	22*iizTieuBachi333i	401	100	98	216	90	13	3
21	12	04*SaintOfTheSky	420	100	98	145	55	7	2
21	13	14*zN4zLuxi	362	100	97	91	51	11	6
21	14	62*1stKGzGauLangTu	290	100	99	62	55	8	11
21	15	11*bagiangproday	280	100	96	64	47	4	6
21	16	66*MuaKoCanBiet	271	100	99	88	92	3	7
21	17	17*xB52xTamDoc	329	100	99	67	40	7	7
21	18	08*oSauDucThano1102	416	100	98	124	83	14	11
21	19	15*jx2zAMaKong	402	100	98	149	76	7	3
21	20	07*hoabau2	430	100	99	144	97	17	10
21	21	25*MiguelDonJuan	326	100	99	152	89	5	4
21	22	23*DuzzMyLife	298	100	97	82	102	20	14
21	23	06*NhÊt§ÞaCÇu	270	100	99	46	38	4	6
21	24	04*iiUntilYouii	270	90	99	66	54	3	6
21	25	07*iiiYasuo	301	90	99	114	99	4	5
21	26	62*oSkiyoshi2o	291	90	97	49	31	5	4
21	27	66*longtrungcosu	290	90	97	75	66	6	4
21	28	22*tieuosin	308	90	98	31	21	4	5
21	29	17*zS2zzPe	363	90	99	74	53	12	6
21	30	20*S¸tPh¸Lang	378	90	94	110	75	6	3
21	31	02*LiÔuMinhNguyÖt	292	90	98	85	68	3	6
21	32	03*iCzNo1	527	90	99	123	30	34	3
21	33	23*oS2oNhinLaMe	264	90	96	29	24	5	4
21	34	22*zzSadKhungLong	259	90	97	79	54	3	6
21	35	20*saucodayminh	251	85	96	54	45	4	5
21	36	22*zThPzHanh7Mon	506	85	97	272	105	34	8
21	37	02*anhtkichthao	291	85	96	84	72	12	11
21	38	03*IDzHaLong007	332	85	98	28	12	5	4
21	39	17*oPKzBichPhuong	312	85	98	15	4	5	4
21	40	62*JxDoofenshmirtz	298	85	99	38	39	5	4
21	41	07*zSGzVitBaby	337	85	97	60	29	6	3
21	42	11*oVòn÷tho¸tY	320	85	99	66	54	11	8
21	43	22*zIIo84oVinaSoi	344	85	98	49	29	6	3
21	44	04*zZoPeThjkSau	276	85	98	14	5	5	4
21	45	08*FMLzCaoTutQuan	421	85	98	121	76	13	4
21	46	15*oIoCoSuKu30cm	303	85	99	65	51	5	5
21	47	06*iMaDoanhDoanh	252	85	99	67	57	5	4
21	48	20*BuffSauDoc	274	80	98	64	54	6	3
21	49	03*ZzHäHøaTªnLÌozZ	301	80	99	62	57	5	4
21	50	03*AEzApplEzCZ	492	80	98	332	122	17	1
21	51	22*zBGzOKiaSau	267	80	98	94	82	3	6
21	52	04*HauNgheNghichSau	287	80	99	46	34	7	2
21	53	07*zS2zLanKwaiFong3	306	80	99	76	66	21	18
21	54	17*Jx2H700	284	80	97	27	19	6	3
21	55	11*oS2oTomAndJerry	288	80	99	53	45	5	6
21	56	15*ThitThiChieu	269	80	99	85	83	5	6
21	57	06*zxdaithieugiazx	251	80	98	50	42	5	4
21	58	04*daibangtonvuong	273	75	98	67	72	5	4
21	59	07*iiS2zGauCon	323	75	99	55	40	14	12
21	60	09*QMzzzMengMeng	328	75	99	50	30	5	4
21	61	23*QfBloWing	255	75	99	45	58	7	2
21	62	08*zS2AnhNg0k	401	75	99	119	71	10	5
21	63	03*wAoChetChac	293	75	99	95	87	4	5
21	64	11*zZBoyTapNuoiCoZz	294	75	97	80	83	6	3
21	65	17*SauDucThanAG	270	70	96	47	53	5	4
21	66	09*HoangTuLoaiSau	328	70	91	174	139	8	5
21	67	03*iiovzZThoBong	318	70	98	68	81	5	4
21	68	08*MatTrangLove	293	70	99	142	127	26	28
21	69	07*zIzTuTi1	279	70	99	84	76	4	6
21	70	11*S©u§éc	251	65	98	64	60	5	4
21	71	08*ZenZoST1	324	65	97	16	2	6	2
21	72	09*SongHyeKio	260	65	99	103	98	13	15
21	73	66*ChjHajDoc	253	60	97	28	21	8	2
21	74	08*Jx2NguTjen	297	60	99	82	70	5	4
21	75	09*xThunderKnightx	274	60	97	61	91	5	4
21	76	07*xZCuiBapVoDoiZx	264	60	98	35	29	7	8
21	77	09*iliRingStar	269	55	99	50	40	5	4
21	78	07*chanhmuoi73	256	55	95	51	42	12	12
21	79	03*BrigitteBardot	270	55	98	49	40	6	3
21	80	08*IoHuongDoc	299	55	99	56	44	8	7
21	81	09*oxeladochoicuaa	275	50	97	61	53	11	11
21	82	03*zS©u§om§ãm	260	50	98	40	56	6	4
21	83	07*EllyMoom	289	50	97	75	61	6	3
21	84	08*MjHaoHao	285	50	99	75	63	12	13
21	85	08*iSGHjKaRy	273	0	96	18	11	5	4
21	86	26*iV«T×nh	319	0	99	58	48	7	2
21	87	12*cogaivl1990	283	0	99	11	3	11	3
21	88	09*oJoeyJoey	259	0	97	28	22	18	16
21	89	23*S2iNhokLykS2i	324	0	97	65	48	5	4
21	90	10*DoKiepMaGioi	271	0	98	24	16	6	3
21	91	06*o0TieuYeno0	297	0	99	38	31	8	2
21	92	22*jxAdolfHitler	275	0	98	40	31	6	5
21	93	11*MrTranVu	318	0	98	43	34	6	5
21	94	22*Zzzzzz§éczzzzZ	281	0	97	44	32	7	6
21	95	66*ProGirlCkoi	275	0	99	44	47	8	1
21	96	22*zIIoTraVinh84	257	0	97	20	17	6	3
21	97	17*§ajZa§jCLICK	312	0	99	53	39	6	7
21	98	13*1stKGzGauLangTu	316	0	99	51	41	6	3
21	99	66*IxIYªuEmNhiÒuIxI	265	0	99	62	56	11	13
21	100	07*KcvBbaaRraa	291	0	96	33	29	10	2
21	101	07*iiKBzHungS4uDoii	292	0	99	24	14	5	4
21	102	07*ChuHuong	262	0	96	61	51	3	6
21	103	03*CSooSay	281	0	97	52	40	5	4
21	104	39*B¸ch§écGiaiNh©n	260	0	99	39	31	6	3
21	105	07*VinhDanhTNM	315	0	96	26	21	14	1
21	106	66*sOszCoGiaoThaoz	285	0	96	27	8	6	6
21	107	22*ZxThikBaBaxZ	315	0	99	36	23	10	12
21	108	32*CongDanhoCS	320	0	96	78	48	5	4
21	109	17*iHToLuuGu	265	0	99	23	15	13	12
21	110	17*zIzzMonKeyzzIz	264	0	99	66	57	7	2
21	111	24*MrproMro	373	0	99	120	87	7	2
21	112	02*zZKjÕpLangThangZ	283	0	96	21	13	4	5
21	113	17*oMrHanie	330	0	99	81	49	5	4
21	114	09*NhiNhanhCoSu	267	0	99	21	14	7	2
21	115	12*365NgayYeuSau	283	0	97	84	87	5	4
21	116	09*iiiPeKoi	343	0	97	22	6	6	3
21	117	15*ZoZAnhTinhCaRoi	387	0	98	101	69	13	13
21	118	19*longtrungcosu	296	0	97	68	61	6	3
21	119	16*FBIooCsFjGk	289	0	99	119	124	5	4
21	120	22*HLzBigKhoai	380	0	99	141	80	7	2
21	121	35*izzCenderalle	354	0	99	106	75	5	4
21	122	66*S2Tr¸iTimB¨ng	269	0	99	70	62	5	4
21	123	03*PÐVÞtLïn	258	0	97	45	47	19	17
21	124	35*IzDuongCoDoc	289	0	96	54	62	4	5
21	125	35*cubinbinA	264	0	95	12	8	7	2
21	126	11*hEo9xXx	331	0	98	68	49	7	2
21	127	66*D­¬ngTöMai	258	0	99	50	40	4	5
21	128	01*S2oSeaBird	282	0	97	34	26	7	4
21	129	17*CVoMrMouseAG	359	0	99	104	52	6	3
21	130	06*z0zN÷NhiHångz0z	265	0	96	17	8	8	1
21	131	03*zLordOfWormz	277	0	98	19	24	8	1
21	132	02*0oCsTrieuVan	273	0	96	13	6	6	3
21	133	09*Phungsjc999	401	0	97	187	117	13	11
21	134	03*Jx2iiSauHe0zCS	286	0	99	60	51	5	4
21	135	10*ioiMCclear	365	0	97	28	11	28	11
23	1	02*TxZeNusxT	396	185	98	194	132	13	5
23	2	22*oDzTrzThunderI	394	180	98	290	153	17	8
23	3	22*QfxxGaTamKy	407	180	99	229	158	47	40
23	4	08*HeoMapLegend	357	165	95	116	59	16	14
23	5	22*VDBHoan	339	145	97	69	38	6	3
23	6	62*CµngCh¬iCµngM¸u	337	130	96	62	46	19	11
23	7	01*BanDien10v	265	100	96	46	37	6	6
23	8	04*iBrook	290	100	99	63	53	5	4
23	9	23*LÖnhHåSamSung	304	100	97	90	59	3	6
23	10	15*xLyTinhx	289	100	99	93	78	5	5
23	11	03*iThienMinhKiemi	451	100	96	244	129	28	14
23	12	22*KNoThienMinhKiem	401	100	96	210	113	14	10
23	13	03*NVziOngPhonCZ	308	100	96	65	50	12	12
23	14	14*zN4zKiller	324	100	98	174	121	9	8
23	15	17*zIzThiªnL«i	328	100	99	75	59	13	13
23	16	07*0oVinhKinhso1o0	319	100	98	217	191	43	42
23	17	06*NhatDaiTonSu113	315	100	99	76	56	6	3
23	18	11*ZooSjeuHckZoo	288	100	96	63	54	6	4
23	19	66*gfdgdfgdfh	280	100	99	81	68	4	5
23	20	20*NamTiªuChuÈn	270	100	97	118	94	3	8
23	21	25*zZzDarkzZz	244	100	97	27	22	4	7
23	22	02*ÐpphËtch¬icave	248	90	99	69	63	2	7
23	23	09*iosTraiHaiPhong	326	90	96	72	60	6	5
23	24	15*ZTungHoanhBonBeZ	300	90	99	20	10	6	3
23	25	23*zXzKiepNgeozXz	290	90	98	23	14	6	8
23	26	07*XdameX	272	90	99	33	26	10	13
23	27	11*BµX·AnhIuEm	276	90	99	81	72	6	3
23	28	62*BatSong	269	90	99	86	76	2	7
23	29	06*zzTARZANzz	252	90	99	84	74	6	6
23	30	25*MétNgµy§·Qua	279	90	99	41	31	7	2
23	31	03*oMToHarryKulBoy	312	90	99	134	120	9	9
23	32	08*ThienSuBaChu	318	90	96	64	48	5	5
23	33	14*1DoiCamKiem	302	90	95	121	106	7	8
23	34	20*izHµo§¹iPhó6789	267	90	99	86	74	3	6
23	35	01*TrungCh©nNh©n	261	90	99	33	27	4	5
23	36	66*ckB­ëiToNhÊtXãm	252	90	96	52	46	10	12
23	37	17*oIoKemChuoi	244	90	97	65	58	6	10
23	38	03*iovzZThoMapzx	243	85	99	131	102	2	7
23	39	11*x§écC«CÇuB¹ix	244	85	97	81	86	6	4
23	40	04*ZzkevinhankzZ	255	85	99	70	63	5	4
23	41	08*isoSergioRamos	305	85	96	107	92	7	6
23	42	02*volamtienboi	277	85	98	107	95	43	42
23	43	62*IIzConLon2014	296	85	99	34	27	4	5
23	44	09*iYTHChanTinh	365	85	99	204	139	22	21
23	45	15*1StConLonS2	272	85	98	54	44	7	2
23	46	20*S2sChµngCõuNgèc	257	85	99	69	62	3	6
23	47	07*ZzlaolasutzZ	254	85	99	32	24	10	10
23	48	14*zzSevenStylezz	244	85	99	31	31	4	5
23	49	03*zUssWashingtonz	240	80	99	33	32	5	4
23	50	06*AuDuongConLon	244	80	96	24	20	5	4
23	51	02*KeBoiBaco0o	265	80	97	74	68	4	5
23	52	62*oSRaijinFu2o	265	80	96	45	36	4	5
23	53	22*sB­BÐos	318	80	99	92	75	13	13
23	54	09*0oMatTroio0	291	80	99	70	62	5	4
23	55	15*ConLonHuyetKiem	271	80	99	79	88	6	3
23	56	23*Powe118vn	266	80	99	61	68	4	5
23	57	08*zIoAnhYeuMjhEm	319	80	99	75	59	6	5
23	58	11*ckgiangproday	253	80	96	60	54	6	3
23	59	20*KßiNg¸o7	247	80	99	78	73	4	6
23	60	23*CauChuNhoBT99	365	75	93	28	11	28	11
23	61	25*oThoSanLinhHono	254	75	99	77	74	19	12
23	62	02*B·oT¸pSaM¹c	255	75	99	61	58	5	4
23	63	07*zPrinceOfPersiaz	296	75	99	58	45	7	2
23	64	20*oIoTuyÕt§en	253	75	97	34	32	3	6
23	65	15*trieudaivolam2	253	75	99	91	91	18	14
23	66	23*zzDisChungTinhzz	285	75	98	29	22	4	5
23	67	02*MrTuanAnhCLTS	269	70	99	23	15	6	3
23	68	09*llvllPh¸tt	264	70	99	46	39	5	4
23	69	62*GoogleVuongKG	240	70	93	13	10	3	6
23	70	22*MemoryCLTS	242	70	99	48	53	5	6
23	71	20*oS2oMrATuLa	358	70	96	65	17	6	3
23	72	03*1stBeTuoiKhoc	248	70	99	56	47	6	3
23	73	07*iThÇnBeep	252	65	98	47	42	5	4
23	74	23*GiuVang	252	65	96	49	41	5	5
23	75	09*Bekhang2014	244	65	99	38	31	5	5
23	76	20*xXxDaiTauzXx	254	65	98	43	36	6	3
23	77	66*anhhungsczxf	245	65	99	43	65	6	3
23	78	08*L3ngTuKi3mKh4ch	262	65	99	111	103	9	10
23	79	08*BaByVanTvT	246	60	99	79	69	6	6
23	80	09*TheCaner	257	60	97	48	49	5	4
23	81	50*DKMzViNaGauGau	330	55	97	79	45	15	11
23	82	15*B52GoBenKham	260	55	99	12	8	7	2
23	83	09*ViÖt1991	259	55	99	81	77	17	14
23	84	15*NãiG×§©y	247	50	96	14	9	8	2
23	85	11*vkldkm123	240	50	98	76	73	6	3
23	86	08*NamTC01	303	50	96	18	8	8	1
23	87	08*ChaySanZoCoc	332	50	99	218	176	31	26
23	88	04*S2zzGjaoLongzzS2	251	0	99	34	27	9	11
23	89	24*ConLOzgiaoPhai	247	0	97	27	24	3	6
23	90	39*ConLonThienSuz	319	0	93	84	57	5	4
23	91	62*oNPoBeooPkon	293	0	98	57	61	7	2
23	92	68*DiepThienHanh	270	0	98	35	25	2	7
23	93	07*ShOckOut	296	0	94	15	4	8	1
23	94	04*ToNyDong	278	0	99	42	33	7	5
23	95	23*zzGoodManzX	294	0	99	51	42	9	5
23	96	12*MotKiemXuyenKu	245	0	96	57	50	5	4
23	97	03*iPooSymLaCZ	327	0	86	234	163	6	3
23	98	08*kjnzRider	276	0	99	21	13	6	4
23	99	23*cigarettes	263	0	97	77	81	8	2
23	100	20*MongHiepLu	269	0	97	20	14	6	7
23	101	09*iz1810BioneAL	292	0	98	55	61	3	6
23	102	22*ÕchXµoL¨n	248	0	96	34	30	6	3
23	103	50*IzTieuLongNhiIII	297	0	99	130	105	6	3
23	104	13*CµngCh¬iCµngM¸u	264	0	96	42	35	6	3
23	105	62*MrThanhLong	295	0	96	94	74	6	6
23	106	09*1stVOSONGts1	268	0	96	30	22	19	12
23	107	03*thiensu00	254	0	99	42	34	42	34
23	108	07*JxZzHOt	239	0	99	45	40	7	9
23	109	62*1stMasterRoyal	252	0	96	35	38	7	2
23	110	68*Zx1ThoiPK7xZ	291	0	98	198	180	14	14
23	111	04*ThÇnPhongKiÕm	284	0	99	11	0	11	0
23	112	08*TigerBear	238	0	98	16	12	6	4
23	113	09*cThunderKnightc	270	0	96	80	82	3	6
23	114	07*ZzHGzHTzZ	315	0	96	100	73	5	4
23	115	03*zIoDichThuyHan	258	0	99	39	39	7	2
23	116	22*Anh§©y§·TrëL¹i	301	0	99	18	7	7	2
23	117	89*aduBonMayNgon	296	0	95	45	31	4	5
23	118	07*ThiªnMaTiªuPhong	261	0	96	44	35	2	7
23	119	13*IIzConLon2014	284	0	99	29	21	5	4
23	120	07*zIzVitXiemzIz	263	0	99	25	24	5	4
23	121	22*oSuGiaThanCheto	277	0	99	52	41	14	17
23	122	08*sieuluumanh	296	0	99	33	21	7	8
23	123	33*Suppersayda	241	0	99	38	40	7	3
23	124	19*HKLB1102	244	0	99	31	26	6	3
23	125	32*pedethoidaimoi	258	0	97	38	35	3	6
23	126	68*zZzConLonzZz	258	0	99	46	38	3	6
23	127	62*NguyenMinh	314	0	99	80	72	6	3
23	128	66*HKLB1102	254	0	99	32	26	7	3
23	129	66*G­îngxC­êi	255	0	99	63	54	6	3
23	130	04*IIxC¸Ch×nh	244	0	97	28	24	5	4
23	131	03*zzzZzThanhKiemzz	255	0	96	32	28	5	4
23	132	39*jOsMadeInChina	288	0	99	54	49	5	4
23	133	62*zzzL·ngTözzz	243	0	99	27	29	8	4
23	134	01*zzdiencaothezz	242	0	99	130	121	6	9
23	135	17*GÊuPandaCk	265	0	96	26	20	7	4
23	136	03*HãtBoyNçiLo¹n	239	0	96	30	42	6	3
23	137	08*CaFeNguuLang	297	0	97	63	56	5	4
29	1	09*isMarilynCZ	442	200	99	200	115	21	10
29	2	23*IzPeMiXynk999	413	185	99	188	106	17	9
29	3	08*oHeoNhi	420	180	94	157	73	13	2
29	4	07*zIzTuTi	398	165	99	202	126	10	6
29	5	15*B52RubyNobela	401	160	99	54	26	18	9
29	6	11*zZxHMTzPeMiiu	387	155	99	171	96	11	5
29	7	07*HeoNhi	390	150	92	143	71	7	2
29	8	25*HPzDoanhNhi	386	150	98	187	117	7	3
29	9	14*xIxAlbion	317	100	95	65	49	4	5
29	10	10*zxzNgocLanzxz	318	100	95	15	5	6	3
29	11	23*gaidepthuyyen	325	100	91	125	90	6	3
29	12	04*ChiTonNgoTuyet	336	100	98	205	183	65	62
29	13	20*XzCaRaCanzX	337	100	98	107	79	9	7
29	14	22*oTiÓuMuéiMuéio	377	100	97	215	138	10	7
29	15	06*S2PÐHeo	345	100	96	105	58	15	14
29	16	08*zPKzPhjeuPhjeu	357	100	98	180	124	21	18
29	17	66*tieumuoithuyyen	359	100	96	260	209	28	22
29	18	17*TsBinhBoPhieuBac	371	100	99	78	46	24	20
29	19	02*iNoLeTinhYeu	368	100	99	127	91	22	14
29	20	01*HoaKh«iTY	312	100	96	44	31	8	5
29	21	62*MisHoaTuyetNgan	314	90	99	171	156	17	15
29	22	20*ZzMichealTanzZ	337	90	99	115	89	8	5
29	23	03*zParkJiYeonz	381	90	96	178	126	17	14
29	24	03*iMarilynMonroeCZ	398	90	99	178	104	9	5
29	25	11*s2xMapSieuQuay	348	90	98	105	78	37	36
29	26	08*oMoGirlBuiDoiJx2	353	90	99	61	39	22	18
29	27	09*izNDizMissYouS2	317	90	98	94	71	9	10
29	28	14*BèiBèi	324	90	95	163	142	13	10
29	29	06*iMaiLani	342	90	97	112	78	22	22
29	30	25*MTVzZNerverLove	320	90	99	157	135	15	14
29	31	04*oXuanXiXon	362	90	96	92	57	11	7
29	32	22*1s2Zit	363	90	99	184	120	13	8
29	33	66*Lettysas	303	85	99	30	19	5	4
29	34	04*HeoThao	305	85	99	20	7	8	6
29	35	14*zN4zPhaLeTim	333	85	98	83	64	14	12
29	36	07*ZzThuyYenLau	323	85	97	155	107	4	5
29	37	03*TieuBich	330	85	97	79	55	8	7
29	38	08*iiiSiªuMóaCét	337	85	96	54	33	5	4
29	39	06*SongHoacChet	349	85	97	80	57	34	31
29	40	20*JzVICzLadyz	319	85	98	62	49	5	4
29	41	02*oS2oPoliceoS2o	321	85	98	268	243	17	17
29	42	25*JxGÊuNház	368	85	96	55	39	8	1
29	43	11*TiªnN÷Gi¸ngTrÇn	348	85	99	101	76	7	3
29	44	17*xXxBichGiaoxXx	314	80	95	60	41	4	5
29	45	09*LunCamQuat	350	80	98	102	72	7	2
29	46	07*ZxxThuyYenHazzZ	349	80	96	241	189	6	4
29	47	15*FAHoangTraVInhTv	393	80	98	141	78	6	4
29	48	03*DiemTrangLoveLy	318	80	99	179	152	7	6
29	49	20*BuånL¾m	316	80	97	53	40	7	2
29	50	20*ztGaicmnGoi	410	80	99	59	25	14	8
29	51	14*0nlylove	309	80	95	74	64	11	11
29	52	15*o0V­¬ngNg÷Yªn0o	327	75	98	111	98	10	6
29	53	06*Oh2ConGµPL	348	75	99	40	21	24	18
29	54	25*ZCachuasaZC	303	75	99	72	56	5	4
29	55	22*iizHoaAnhDao	402	75	98	186	108	8	1
29	56	07*PhamLuyen	318	75	99	148	120	9	9
29	57	07*ooPhongT×nhTuyÕt	297	70	99	77	66	16	17
29	58	25*CherrySury	304	70	95	76	67	13	10
29	59	09*zDiecKhongSoSung	342	70	97	67	55	9	4
29	60	50*zHxLamYThan	387	70	99	218	134	13	9
29	61	22*iiSvPeKeoMut	298	65	98	64	52	16	15
29	62	07*GreenFeed	338	65	96	129	97	14	11
29	63	03*zzzZzQuyCoNuz	305	65	99	123	125	6	3
29	64	06*zCoxCoz	335	65	99	189	169	28	24
29	65	08*14HanhPkucThat	306	65	99	121	103	16	17
29	66	07*o0oStrawberryo0	345	60	99	76	54	7	2
29	67	08*MjKoKoMj	300	60	98	90	71	12	14
29	68	07*ZThóyYªnVòTiªnZ	338	55	95	149	111	6	3
29	69	08*xxxThanhxQuatxxx	318	55	98	105	82	11	8
29	70	06*zZtaythiZz	299	55	97	50	38	12	13
29	71	23*S2ThanhQuatS2	321	55	98	111	89	6	6
29	72	03*iiovzZThoTapMua	313	55	98	50	66	6	3
29	73	07*oBomLiÒuChÕt	316	50	98	132	100	10	9
29	74	09*ZzSleepForeverzZ	329	0	98	99	74	9	4
29	75	02*iThuyTienBeBy	323	0	97	173	142	9	8
29	76	15*jx2zPhuongVu	305	0	99	79	62	5	4
29	77	07*ZzSonTungzZ	296	0	98	40	28	26	21
29	78	08*iSGCoBeTocXu	307	0	96	54	43	8	8
29	79	03*xfxPedieu	313	0	99	51	40	8	1
29	80	11*FoLoveThyThyF	306	0	99	76	62	5	4
29	81	06*zzztuyetTinhzzz	300	0	96	13	3	13	3
29	82	14*SaiHoangNhi	291	0	98	24	16	5	5
29	83	90*QuatChetMeMay	300	0	96	90	72	12	11
29	84	04*1stLôcL¹c	293	0	98	41	29	6	4
29	85	09*KP3iiPeOanh	307	0	99	25	14	10	9
29	86	07*iZHãtGirlBècMïi	310	0	99	35	39	8	1
29	87	01*iGioBuotTimz	315	0	96	60	44	5	6
29	88	02*oDJoHaPhuongCry	305	0	97	95	88	11	12
29	89	15*IoICäpC¸i	289	0	99	91	74	3	6
29	90	06*JzRedQueen	305	0	98	20	7	7	4
29	91	62*thuyyenln2014	299	0	99	14	5	9	3
29	92	16*oOKhongCoTenOo	317	0	99	66	54	13	12
29	93	11*zIzNiki	363	0	98	147	100	34	17
29	94	10*IoIzT©yThi	326	0	97	31	18	31	18
29	95	08*ZzLadyGalaxyS5	319	0	96	86	64	7	4
29	96	09*iz14FcTYVTMrCoi	314	0	97	77	50	7	5
29	97	17*DitMeMay123	321	0	99	120	88	5	4
29	98	03*zzParkJiYeonzz	310	0	99	73	64	6	3
29	99	08*xXC«BÐDÔTh­¬ngXx	335	0	97	65	53	9	5
29	100	20*izBabyChjcken	384	0	90	103	48	17	11
29	101	22*oYoFukYouYo	297	0	99	30	21	16	11
29	102	24*HHoMuaBuonft	350	0	99	87	60	5	4
29	103	07*ZI2NuiEmToHon	299	0	97	79	75	8	5
29	104	22*ooIoShine	314	0	99	44	23	6	4
29	105	20*o0ol0veHy95o0o	310	0	97	87	70	5	4
29	106	06*IzVuDieuChetHet	314	0	99	83	63	6	3
29	107	66*Wowwwwwwwwwwwww	298	0	99	69	57	6	3
29	108	07*S2MaNuCuongSat	299	0	97	64	51	15	14
29	109	11*zZBaoNgocOo	288	0	96	40	30	8	3
29	110	08*GottaBeYou	344	0	96	25	9	8	4
29	111	08*ooS2ooLaLa	304	0	99	82	67	12	6
29	112	08*iYuuMii	315	0	97	57	40	8	1
29	113	07*1sPeThichBayLak	291	0	99	63	49	7	2
29	114	06*xBichGiaox	342	0	95	56	35	7	2
29	115	06*BxJustathjnh	304	0	99	92	76	8	9
29	116	03*PexyPonggon	308	0	99	94	88	5	5
29	117	17*DepNhuTien	288	0	98	95	74	6	3
29	118	22*21thHoangLinhAn	302	0	99	17	6	14	6
29	119	17*H©nHeo	304	0	93	49	32	6	5
29	120	02*Gamaimo	332	0	97	102	97	6	3
29	121	11*S2VuDieuOnlines2	363	0	99	74	42	7	5
29	122	62*NuHiepThuyYen	289	0	99	42	31	5	4
29	123	08*MiªuTÆcNami	296	0	95	9	0	9	0
29	124	62*MaN÷§aT×nh	291	0	95	21	19	21	13
29	125	22*zIKyNuMuaQuat	336	0	99	117	99	7	2
29	126	01*1StH­¬ngGiang	298	0	98	42	34	8	7
29	127	22*TiÓu§«ngPh­¬ng	292	0	99	59	50	5	4
29	128	08*VuDieuLua	298	0	95	71	54	6	3
29	129	07*StyleTimeToLove	312	0	99	39	21	5	4
29	130	16*oLanhChanhDanhDa	308	0	97	64	61	3	7
29	131	23*oS2zzHyoRin	305	0	97	43	33	5	4
29	132	07*BÊtTö8363	316	0	96	70	69	5	4
29	133	03*NVzBaPhonCZ	355	0	99	26	10	11	0
29	134	03*oMToMcGonaGalli	367	0	98	243	187	42	37
29	135	07*TY24hNhíAnh	297	0	96	51	58	4	5
29	136	90*1sVuDieuThanTien	326	0	98	102	56	5	5
29	137	01*JX2buChym2XJ	335	0	96	77	48	10	4
29	138	15*iThzQuangBiTYVT	319	0	98	19	5	7	2
29	139	09*QMzHaiLamTuongVi	311	0	99	45	30	7	2
29	140	04*HHzMuaBuonft	361	0	99	95	62	7	2
29	141	04*oCloMiªuN÷z	289	0	99	50	41	10	10
29	142	11*zxHuongXinh91xz	296	0	97	75	62	4	5
29	143	17*AngeLLove	304	0	99	142	120	4	5
30	1	04*1stYeah	402	200	99	93	38	7	2
30	2	15*B52zChoiEmDiAnh	402	190	99	178	103	9	4
30	3	03*zIzDocCozo0oyNhi	366	175	97	106	71	9	4
30	4	10*iSTz1GiayThanToc	358	170	96	189	166	20	16
30	5	20*1zGaicmnGoi	346	165	95	174	123	7	4
30	6	08*oS2oTungNhi	345	160	99	174	148	9	7
30	7	14*MerryChristmas	341	155	97	76	46	5	4
30	8	22*zxHollyKuCMNTe	337	150	98	69	52	40	34
30	9	11*Anh¥iHaiV¹chRåi	225	100	96	101	91	3	6
30	10	23*Is0iDeathViolet	255	100	93	31	24	5	4
30	11	66*iMinhAnhIdol	264	100	93	42	36	5	4
30	12	02*IzTiÓuB¹chTházI	302	100	96	81	51	5	4
30	13	06*NekoNyapiiLiisa	311	100	99	201	183	59	59
30	14	10*iCzNgocLaSat	241	100	98	97	54	1	10
30	15	07*OnlyLoveForYou	306	100	98	123	78	4	5
30	16	03*iiovzZThoTapx2	336	100	98	42	44	5	4
30	17	17*TiÓuTinhLinh	273	100	96	89	79	10	8
30	18	01*zIzHeoXongKhoi	319	100	97	66	88	6	5
30	19	62*MissYouKiss107	207	90	86	49	70	18	21
30	20	17*LinhNuVoSong	235	90	98	42	39	5	4
30	21	07*zZzHuyÒnVò107zZz	241	90	97	79	73	5	4
30	22	11*H¹nhPhócBªnAnh	249	90	99	86	77	4	5
30	23	01*iiiHeoXinhCZ	261	90	97	19	12	4	5
30	24	15*Julietta	388	90	97	101	30	10	1
30	25	09*NhocQuay2014	245	90	99	52	43	4	5
30	26	14*zLzBÐNgäczNz	272	90	99	62	52	9	5
30	27	04*zTiÓuHåLy	280	90	93	67	59	9	9
30	28	22*oTNzSuonChuaNgot	320	90	98	81	54	6	5
30	29	22*KhoaThanYeuVan	292	90	99	48	35	7	8
30	30	08*ATuLazZzLinhNu	309	90	99	106	91	12	14
30	31	20*zVuLepXinhGai	224	90	99	41	37	2	7
30	32	01*zIIzPhanHungAnh	192	85	99	40	40	3	6
30	33	15*jx2z9ViThienHo	336	85	99	110	81	5	4
30	34	03*TieuVan	335	85	97	77	41	5	4
30	35	22*TieuDieu	269	85	99	58	49	6	4
30	36	09*oAnnAnn	264	85	93	47	39	4	5
30	37	17*sTiªnTös	260	85	99	51	49	7	3
30	38	08*BoOmBo0m	259	85	96	45	23	3	6
30	39	07*TriÖuHuyÒnTrang	244	85	99	68	83	6	3
30	40	04*TuyÕtBitCH	224	85	98	29	32	3	6
30	41	22*TiªnVòThóyYªn	239	80	99	75	82	6	3
30	42	15*B52zSexFullzHD	306	80	99	43	31	26	23
30	43	09*IzKenLove	241	80	99	33	41	4	5
30	44	03*GiµChèngGËy	319	80	96	104	88	5	4
30	45	04*T«nGiaLinh	178	80	97	43	58	4	13
30	46	11*zNzTiªnN÷TiªuDao	169	80	92	81	93	3	6
30	47	22*Jx2LinhNhiZx	126	75	95	37	52	4	12
30	48	15*CoBeBanDam0	165	75	96	213	209	23	33
30	49	08*zIzMaiNhÊtTiÕu	249	75	96	29	23	21	21
30	50	09*LizConNiz	350	75	95	120	82	6	3
30	51	09*S2N÷OaN­¬ngN­¬ng	226	75	99	63	57	6	3
30	52	03*GuMiHo	183	75	99	59	61	0	8
30	53	07*czczczczcz	165	75	96	6	15	2	7
30	54	15*ZoFoxZo	257	70	93	64	56	5	4
30	55	08*0oNamCungLinho0	346	70	97	42	22	7	4
30	56	08*IIoIHelpCaIIMeI	234	70	99	54	50	6	4
30	57	09*LunCamTieu	271	70	99	13	6	7	2
30	58	07*ZzYeuLaChizZ	141	70	96	15	43	1	7
30	59	03*oIs2oLôcNhi	185	65	96	35	62	4	5
30	60	08*iissSmile	293	65	96	49	40	8	1
30	61	90*JaininaW	347	65	96	161	137	24	21
30	62	20*LyTieuKieuS1	286	0	99	74	58	5	4
30	63	20*oHHHoBG§Ko	274	0	98	66	55	6	3
30	64	07*LyEunHy	276	0	95	58	45	4	5
30	65	09*o0oGaXDameo0o	217	0	92	44	49	4	5
30	66	22*o0Foxy0o	172	0	99	23	33	3	6
30	67	09*IizMziIM	302	0	96	62	37	5	4
30	68	23*TiÓuN÷ThóyYªn	267	0	99	33	26	5	4
30	69	07*xIxLinhTieu	224	0	97	5	4	5	4
30	70	62*danhiphop	229	0	98	68	65	4	5
30	71	01*1StQuatBaTiªu	224	0	96	13	9	5	5
30	72	10*maikoohshiro	315	0	96	99	82	5	4
30	73	01*TangKiemTY02	267	0	96	52	52	3	7
30	74	08*o0CamSaoNhuCamCu	286	0	99	11	1	11	1
30	75	07*zS2TrangL0ve89zz	194	0	97	51	68	0	7
30	76	11*BaXaSting	205	0	98	7	6	7	6
30	77	32*sssTayMonKhanh	179	0	96	122	116	2	10
30	78	03*ZooeyDeschanel	263	0	95	65	60	3	7
30	79	03*oZoNgOcNuOzO	233	0	99	28	23	23	17
30	80	02*KrzThickXdame	298	0	93	16	5	16	5
30	81	07*LINHNUHANHS2YEN	172	0	98	35	72	2	4
30	82	33*zNgocOanhLinhNu	289	0	94	67	57	4	5
30	83	91*1stCÇn1GãiZÐt	259	0	97	24	17	5	4
30	84	01*NhoZuLaEm	307	0	99	60	43	22	21
30	85	09*zZzCocacola	235	0	97	44	45	6	3
30	86	26*ixvxTieuThuNgheo	295	0	98	143	122	6	3
30	87	09*zzHollyKuCMNTe	296	0	98	38	27	9	9
30	88	17*trilong2001	326	0	99	25	13	25	13
30	89	39*LinhNhiBG113	329	0	99	93	73	5	4
30	90	11*oIoAngelika	223	0	99	28	31	3	6
30	91	50*xHToMarioXdame	254	0	99	50	44	7	3
30	92	07*ThuyYenkieunu	301	0	97	20	9	11	8
30	93	03*zParkMyoMinz	227	0	96	8	4	8	4
30	94	03*EmG¸iT©yNinh	300	0	99	86	64	5	4
