ItemIndex	BodyType	GroupName	GDP	SellType	SellPrices	PopPrice	GiftPrice	Not4Sale	Charm
1	1	Thiªn ¢m Trang	0;108;562	7	300;900;2700	4			15
1	2		0;108;563	7	300;900;2700	4			15
1	3		0;108;564	7	300;900;2700	4			15
1	4		0;108;565	7	300;900;2700	4			15
2	1		0;109;562	7	300;900;2700	4			15
2	2		0;109;563	7	300;900;2700	4			15
2	3		0;109;564	7	300;900;2700	4			15
2	4		0;109;565	7	300;900;2700	4			15
3	1		0;110;562	7	300;900;2700	4			15
3	2		0;110;563	7	300;900;2700	4			15
3	3		0;110;564	7	300;900;2700	4			15
3	4		0;110;565	7	300;900;2700	4			15
4	1	ThiÓu D­¬ng phôc	0;108;566	7	300;900;2700	4			15
4	2		0;108;567	7	300;900;2700	4			15
4	3		0;108;568	7	300;900;2700	4			15
4	4		0;108;569	7	300;900;2700	4			15
5	1		0;109;566	7	300;900;2700	4			15
5	2		0;109;567	7	300;900;2700	4			15
5	3		0;109;568	7	300;900;2700	4			15
5	4		0;109;569	7	300;900;2700	4			15
6	1		0;110;566	7	300;900;2700	4			15
6	2		0;110;567	7	300;900;2700	4			15
6	3		0;110;568	7	300;900;2700	4			15
6	4		0;110;569	7	300;900;2700	4			15
7	1	V¨n Sö Trang	0;108;570	7	300;900;2700	4			15
7	2		0;108;571	7	300;900;2700	4			15
7	3		0;108;572	7	300;900;2700	4			15
7	4		0;108;573	7	300;900;2700	4			15
8	1		0;109;570	7	300;900;2700	4			15
8	2		0;109;571	7	300;900;2700	4			15
8	3		0;109;572	7	300;900;2700	4			15
8	4		0;109;573	7	300;900;2700	4			15
9	1		0;110;570	7	300;900;2700	4			15
9	2		0;110;571	7	300;900;2700	4			15
9	3		0;110;572	7	300;900;2700	4			15
9	4		0;110;573	7	300;900;2700	4			15
10	1	Tø Linh Trang (vµng)	0;108;30001	7	300;900;2700	4			15
10	2		0;108;30002	7	300;900;2700	4			15
10	3		0;108;30003	7	300;900;2700	4			15
10	4		0;108;30004	7	300;900;2700	4			15
11	1		0;109;30001	7	300;900;2700	4			15
11	2		0;109;30002	7	300;900;2700	4			15
11	3		0;109;30003	7	300;900;2700	4			15
11	4		0;109;30004	7	300;900;2700	4			15
12	1		0;110;30001	7	300;900;2700	4			15
12	2		0;110;30002	7	300;900;2700	4			15
12	3		0;110;30003	7	300;900;2700	4			15
12	4		0;110;30004	7	300;900;2700	4			15
13	1	Tø Linh Trang (TÝm)	0;108;30005	7	300;900;2700	4			15
13	2		0;108;30006	7	300;900;2700	4			15
13	3		0;108;30007	7	300;900;2700	4			15
13	4		0;108;30008	7	300;900;2700	4			15
14	1		0;109;30005	7	300;900;2700	4			15
14	2		0;109;30006	7	300;900;2700	4			15
14	3		0;109;30007	7	300;900;2700	4			15
14	4		0;109;30008	7	300;900;2700	4			15
15	1		0;110;30005	7	300;900;2700	4			15
15	2		0;110;30006	7	300;900;2700	4			15
15	3		0;110;30007	7	300;900;2700	4			15
15	4		0;110;30008	7	300;900;2700	4			15
16	1	Tø Linh Trang (lam)	0;108;30009	7	300;900;2700	4			15
16	2		0;108;30010	7	300;900;2700	4			15
16	3		0;108;30011	7	300;900;2700	4			15
16	4		0;108;30012	7	300;900;2700	4			15
17	1		0;109;30009	7	300;900;2700	4			15
17	2		0;109;30010	7	300;900;2700	4			15
17	3		0;109;30011	7	300;900;2700	4			15
17	4		0;109;30012	7	300;900;2700	4			15
18	1		0;110;30009	7	300;900;2700	4			15
18	2		0;110;30010	7	300;900;2700	4			15
18	3		0;110;30011	7	300;900;2700	4			15
18	4		0;110;30012	7	300;900;2700	4			15
19	1	B¹ch Kim Trang	0;108;30013	7	300;900;2700	4			15
19	2		0;108;30014	7	300;900;2700	4			15
19	3		0;108;30015	7	300;900;2700	4			15
19	4		0;108;30016	7	300;900;2700	4			15
20	1		0;109;30013	7	300;900;2700	4			15
20	2		0;109;30014	7	300;900;2700	4			15
20	3		0;109;30015	7	300;900;2700	4			15
20	4		0;109;30016	7	300;900;2700	4			15
21	1		0;110;30013	7	300;900;2700	4			15
21	2		0;110;30014	7	300;900;2700	4			15
21	3		0;110;30015	7	300;900;2700	4			15
21	4		0;110;30016	7	300;900;2700	4			15
22	1	Tinh Kh¾c Trang	0;108;30017	7	300;900;2700	4			15
22	2		0;108;30018	7	300;900;2700	4			15
22	3		0;108;30019	7	300;900;2700	4			15
22	4		0;108;30020	7	300;900;2700	4			15
23	1		0;109;30017	7	300;900;2700	4			15
23	2		0;109;30018	7	300;900;2700	4			15
23	3		0;109;30019	7	300;900;2700	4			15
23	4		0;109;30020	7	300;900;2700	4			15
24	1		0;110;30017	7	300;900;2700	4			15
24	2		0;110;30018	7	300;900;2700	4			15
24	3		0;110;30019	7	300;900;2700	4			15
24	4		0;110;30020	7	300;900;2700	4			15
25	1	Thiªn NghÜa Trang	0;108;30021	7	300;900;2700	4			15
25	2		0;108;30022	7	300;900;2700	4			15
25	3		0;108;30023	7	300;900;2700	4			15
25	4		0;108;30024	7	300;900;2700	4			15
26	1		0;109;30021	7	300;900;2700	4			15
26	2		0;109;30022	7	300;900;2700	4			15
26	3		0;109;30023	7	300;900;2700	4			15
26	4		0;109;30024	7	300;900;2700	4			15
27	1		0;110;30021	7	300;900;2700	4			15
27	2		0;110;30022	7	300;900;2700	4			15
27	3		0;110;30023	7	300;900;2700	4			15
27	4		0;110;30024	7	300;900;2700	4			15
28	1	Cöu Ch©u Trang	0;108;30025	7	300;900;2700	4			15
28	2		0;108;30026	7	300;900;2700	4			15
28	3		0;108;30027	7	300;900;2700	4			15
28	4		0;108;30028	7	300;900;2700	4			15
29	1		0;109;30025	7	300;900;2700	4			15
29	2		0;109;30026	7	300;900;2700	4			15
29	3		0;109;30027	7	300;900;2700	4			15
29	4		0;109;30028	7	300;900;2700	4			15
30	1		0;110;30025	7	300;900;2700	4			15
30	2		0;110;30026	7	300;900;2700	4			15
30	3		0;110;30027	7	300;900;2700	4			15
30	4		0;110;30028	7	300;900;2700	4			15
31	1	ThÊt TÞch Trang	0;108;30029	7	300;900;2700	4			15
31	2		0;108;30030	7	300;900;2700	4			15
31	3		0;108;30031	7	300;900;2700	4			15
31	4		0;108;30032	7	300;900;2700	4			15
32	1		0;109;30029	7	300;900;2700	4			15
32	2		0;109;30030	7	300;900;2700	4			15
32	3		0;109;30031	7	300;900;2700	4			15
32	4		0;109;30032	7	300;900;2700	4			15
33	1		0;110;30029	7	300;900;2700	4			15
33	2		0;110;30030	7	300;900;2700	4			15
33	3		0;110;30031	7	300;900;2700	4			15
33	4		0;110;30032	7	300;900;2700	4			15
34	1	Hång S©m trang	0;108;630	7	300;900;2700	4			15
34	2		0;108;631	7	300;900;2700	4			15
34	3		0;108;632	7	300;900;2700	4			15
34	4		0;108;633	7	300;900;2700	4			15
35	1		0;109;630	7	300;900;2700	4			15
35	2		0;109;631	7	300;900;2700	4			15
35	3		0;109;632	7	300;900;2700	4			15
35	4		0;109;633	7	300;900;2700	4			15
36	1		0;110;630	7	300;900;2700	4			15
36	2		0;110;631	7	300;900;2700	4			15
36	3		0;110;632	7	300;900;2700	4			15
36	4		0;110;633	7	300;900;2700	4			15
37	1	ChØ Tóy Kim Mª trang 	0;108;618	7	300;900;2700	4			15
37	2		0;108;619	7	300;900;2700	4			15
37	3		0;108;620	7	300;900;2700	4			15
37	4		0;108;621	7	300;900;2700	4			15
38	1		0;109;618	7	300;900;2700	4			15
38	2		0;109;619	7	300;900;2700	4			15
38	3		0;109;620	7	300;900;2700	4			15
38	4		0;109;621	7	300;900;2700	4			15
39	1		0;110;618	7	300;900;2700	4			15
39	2		0;110;619	7	300;900;2700	4			15
39	3		0;110;620	7	300;900;2700	4			15
39	4		0;110;621	7	300;900;2700	4			15
40	1	Thiªn Ba Trang	0;108;676	7	300;900;2700	4			15
40	2		0;108;677	7	300;900;2700	4			15
40	3		0;108;678	7	300;900;2700	4			15
40	4		0;108;679	7	300;900;2700	4			15
41	1		0;109;676	7	300;900;2700	4			15
41	2		0;109;677	7	300;900;2700	4			15
41	3		0;109;678	7	300;900;2700	4			15
41	4		0;109;679	7	300;900;2700	4			15
42	1		0;110;676	7	300;900;2700	4			15
42	2		0;110;677	7	300;900;2700	4			15
42	3		0;110;678	7	300;900;2700	4			15
42	4		0;110;679	7	300;900;2700	4			15
43	1	T©n Niªn Trang	0;108;30033	7	300;900;2700	4			15
43	2		0;108;30034	7	300;900;2700	4			15
43	3		0;108;30035	7	300;900;2700	4			15
43	4		0;108;30036	7	300;900;2700	4			15
44	1		0;109;30033	7	300;900;2700	4			15
44	2		0;109;30034	7	300;900;2700	4			15
44	3		0;109;30035	7	300;900;2700	4			15
44	4		0;109;30036	7	300;900;2700	4			15
45	1		0;110;30033	7	300;900;2700	4			15
45	2		0;110;30034	7	300;900;2700	4			15
45	3		0;110;30035	7	300;900;2700	4			15
45	4		0;110;30036	7	300;900;2700	4			15
46	1	ChuyÓn Sinh Y	0;108;514	7	300;900;2700	4			15
47	1		0;109;514	7	300;900;2700	4			15
48	1		0;110;514	7	300;900;2700	4			15
46	2	ChuyÓn Sinh Y	0;108;515	7	300;900;2700	4			15
47	2		0;109;515	7	300;900;2700	4			15
48	2		0;110;515	7	300;900;2700	4			15
46	3	ChuyÓn Sinh Y	0;108;516	7	300;900;2700	4			15
47	3		0;109;516	7	300;900;2700	4			15
48	3		0;110;516	7	300;900;2700	4			15
46	4	ChuyÓn Sinh Y	0;108;517	7	300;900;2700	4			15
47	4		0;109;517	7	300;900;2700	4			15
48	4		0;110;517	7	300;900;2700	4			15
49	3	Linh Lung Trang (®á)	0;108;207	7	200;600;1800	4			10
49	4		0;108;213	7	200;600;1800	4			10
50	3		0;109;281	7	200;600;1800	4			10
50	4		0;109;287	7	200;600;1800	4			10
51	3		0;110;281	7	200;600;1800	4			10
51	4		0;110;287	7	200;600;1800	4			10
52	3	Linh Lung Trang (vµng)	0;108;208	7	200;600;1800	4			10
52	4		0;108;214	7	200;600;1800	4			10
53	3		0;109;282	7	200;600;1800	4			10
53	4		0;109;288	7	200;600;1800	4			10
54	3		0;110;282	7	200;600;1800	4			10
54	4		0;110;288	7	200;600;1800	4			10
55	3	Linh Lung Trang (hång)	0;108;209	7	200;600;1800	4			10
55	4		0;108;215	7	200;600;1800	4			10
56	3		0;109;283	7	200;600;1800	4			10
56	4		0;109;289	7	200;600;1800	4			10
57	3		0;110;283	7	200;600;1800	4			10
57	4		0;110;289	7	200;600;1800	4			10
58	3	Linh Lung Trang (tÝm)	0;108;210	7	200;600;1800	4			10
58	4		0;108;216	7	200;600;1800	4			10
59	3		0;109;284	7	200;600;1800	4			10
59	4		0;109;290	7	200;600;1800	4			10
60	3		0;110;284	7	200;600;1800	4			10
60	4		0;110;290	7	200;600;1800	4			10
61	3	Linh Lung Trang (lam)	0;108;211	7	200;600;1800	4			10
61	4		0;108;217	7	200;600;1800	4			10
62	3		0;109;285	7	200;600;1800	4			10
62	4		0;109;291	7	200;600;1800	4			10
63	3		0;110;285	7	200;600;1800	4			10
63	4		0;110;291	7	200;600;1800	4			10
64	3	Linh Lung Trang (lôc)	0;108;212	7	200;600;1800	4			10
64	4		0;108;218	7	200;600;1800	4			10
65	3		0;109;286	7	200;600;1800	4			10
65	4		0;109;292	7	200;600;1800	4			10
66	3		0;110;286	7	200;600;1800	4			10
66	4		0;110;292	7	200;600;1800	4			10
67	1	TuÕ Thñ bµo	0;108;139	7	200;600;1800	4			10
68	1		0;109;185	7	200;600;1800	4			10
69	1		0;110;81	7	200;600;1800	4			10
67	2	ChÝnh Sãc gi¸p	0;108;140	7	200;600;1800	4			10
68	2		0;109;186	7	200;600;1800	4			10
69	2		0;110;82	7	200;600;1800	4			10
67	3	T©n ChÝnh §¹i	0;108;141	7	200;600;1800	4			10
68	3		0;109;187	7	200;600;1800	4			10
69	3		0;110;83	7	200;600;1800	4			10
67	4	Nguyªn ChÝnh th­êng	0;108;142	7	200;600;1800	4			10
68	4		0;109;188	7	200;600;1800	4			10
69	4		0;110;84	7	200;600;1800	4			10
70	1	Thu Thi bµo	0;108;195	7	200;600;1800	4			10
71	1		0;109;255	7	200;600;1800	4			10
72	1		0;110;85	7	200;600;1800	4			10
70	2	§«ng Hµn gi¸p	0;108;196	7	200;600;1800	4			10
71	2		0;109;256	7	200;600;1800	4			10
72	2		0;110;86	7	200;600;1800	4			10
70	3	H¹ Vinh trang	0;108;197	7	200;600;1800	4			10
71	3		0;109;257	7	200;600;1800	4			10
72	3		0;110;87	7	200;600;1800	4			10
70	4	Xu©n No·n th­êng	0;108;198	7	200;600;1800	4			10
71	4		0;109;258	7	200;600;1800	4			10
72	4		0;110;88	7	200;600;1800	4			10
73	1	Bµo §­êng B¶o Y	0;108;510	7	200;600;1800	4			10
74	1		0;109;510	7	200;600;1800	4			10
75	1		0;110;510	7	200;600;1800	4			10
73	2	B¶o Tiªu ChiÕn Y	0;108;511	7	200;600;1800	4			10
74	2		0;109;511	7	200;600;1800	4			10
75	2		0;110;511	7	200;600;1800	4			10
73	3	Vò §iÖp Tó Trang	0;108;513	7	200;600;1800	4			10
74	3		0;109;513	7	200;600;1800	4			10
75	3		0;110;513	7	200;600;1800	4			10
73	4	Hµm Yªn Tó Trang	0;108;512	7	200;600;1800	4			10
74	4		0;109;512	7	200;600;1800	4			10
75	4		0;110;512	7	200;600;1800	4			10
76	1	Tè Ng©n Bµo	0;108;526	7	200;600;1800	4			10
77	1		0;109;526	7	200;600;1800	4			10
78	1		0;110;526	7	200;600;1800	4			10
76	2	XÝch LuyÖn Gi¸p Y	0;108;527	7	200;600;1800	4			10
77	2		0;109;527	7	200;600;1800	4			10
78	2		0;110;527	7	200;600;1800	4			10
76	3	Ngäc Thoa Vò Y	0;108;528	7	200;600;1800	4			10
77	3		0;109;528	7	200;600;1800	4			10
78	3		0;110;528	7	200;600;1800	4			10
76	4	§¹i Yªn Nghª Th­êng	0;108;529	7	200;600;1800	4			10
77	4		0;109;529	7	200;600;1800	4			10
78	4		0;110;529	7	200;600;1800	4			10
79	1	Gi¸ng Tö Bµo	0;108;522	7	200;600;1800	4			10
80	1		0;109;522	7	200;600;1800	4			10
81	1		0;110;522	7	200;600;1800	4			10
79	2	L­u Kim Gi¸p Y	0;108;523	7	200;600;1800	4			10
80	2		0;109;523	7	200;600;1800	4			10
81	2		0;110;523	7	200;600;1800	4			10
79	3	Song §¹i Vò Th­êng.	0;108;524	7	200;600;1800	4			10
80	3		0;109;524	7	200;600;1800	4			10
81	3		0;110;524	7	200;600;1800	4			10
79	4	Phông Vò Nghª Sa	0;108;525	7	200;600;1800	4			10
80	4		0;109;525	7	200;600;1800	4			10
81	4		0;110;525	7	200;600;1800	4			10
82	1	ThÊt ThÇn Y	0;108;518	7	200;600;1800	4			10
83	1		0;109;518	7	200;600;1800	4			10
84	1		0;110;518	7	200;600;1800	4			10
82	2	Long L©n ¤ Kim Gi¸p	0;108;519	7	200;600;1800	4			10
83	2		0;109;519	7	200;600;1800	4			10
84	2		0;110;519	7	200;600;1800	4			10
82	3	Lôc Oanh Vò Y	0;108;520	7	200;600;1800	4			10
83	3		0;109;520	7	200;600;1800	4			10
84	3		0;110;520	7	200;600;1800	4			10
82	4	Doanh Vò Th­êng	0;108;521	7	200;600;1800	4			10
83	4		0;109;521	7	200;600;1800	4			10
84	4		0;110;521	7	200;600;1800	4			10
85	1	KiÕm TuyÖt y	0;108;135	7	200;600;1800	4			10
86	1		0;109;181	7	200;600;1800	4			10
87	1		0;110;77	7	200;600;1800	4			10
85	2	HiÖp KhiÕu gi¸p	0;108;136	7	200;600;1800	4			10
86	2		0;109;182	7	200;600;1800	4			10
87	2		0;110;78	7	200;600;1800	4			10
85	3	T×nh Hinh Th­êng	0;108;137	7	200;600;1800	4			10
86	3		0;109;183	7	200;600;1800	4			10
87	3		0;110;79	7	200;600;1800	4			10
85	4	Duyªn Doanh Th­êng	0;108;138	7	200;600;1800	4			10
86	4		0;109;184	7	200;600;1800	4			10
87	4		0;110;80	7	200;600;1800	4			10
88	1	S¬n Quû huyÕt y	0;108;17	7	200;600;1800	4			10
89	1		0;109;17	7	200;600;1800	4			10
90	1		0;110;17	7	200;600;1800	4			10
88	2	Long B¸ ¤ kim y	0;108;36	7	200;600;1800	4			10
89	2		0;109;36	7	200;600;1800	4			10
90	2		0;110;36	7	200;600;1800	4			10
88	3	Phi Thiªn Th¸i Th­êng	0;108;54	7	200;600;1800	4			10
89	3		0;109;54	7	200;600;1800	4			10
90	3		0;110;54	7	200;600;1800	4			10
88	4	Ngò S¾c Nghª Th­êng	0;108;72	7	200;600;1800	4			10
89	4		0;109;72	7	200;600;1800	4			10
90	4		0;110;72	7	200;600;1800	4			10
91	1	B¨ng Tµm Trï sam	0;108;16	7	200;600;1800	4			10
92	1		0;109;16	7	200;600;1800	4			10
93	1		0;110;16	7	200;600;1800	4			10
91	2	HuyÕt Hµ Quû V­¬ng gi¸p	0;108;35	7	200;600;1800	4			10
92	2		0;109;35	7	200;600;1800	4			10
93	2		0;110;35	7	200;600;1800	4			10
91	3	Thiªn y	0;108;53	7	200;600;1800	4			10
92	3		0;109;53	7	200;600;1800	4			10
93	3		0;110;53	7	200;600;1800	4			10
91	4	V« Song §Êu y	0;108;71	7	200;600;1800	4			10
92	4		0;109;71	7	200;600;1800	4			10
93	4		0;110;71	7	200;600;1800	4			10
94	1	Thiªn Lang y	0;108;15	7	200;600;1800	4			10
95	1		0;109;15	7	200;600;1800	4			10
96	1		0;110;15	7	200;600;1800	4			10
94	2	Tinh Cang HuyÒn Kim gi¸p	0;108;33	7	200;600;1800	4			10
95	2		0;109;33	7	200;600;1800	4			10
96	2		0;110;33	7	200;600;1800	4			10
94	3	Nghª Th­êng Vò y	0;108;52	7	200;600;1800	4			10
95	3		0;109;52	7	200;600;1800	4			10
96	3		0;110;52	7	200;600;1800	4			10
94	4	CÈm V©n Th­êng	0;108;70	7	200;600;1800	4			10
95	4		0;109;70	7	200;600;1800	4			10
96	4		0;110;70	7	200;600;1800	4			10
97	1	XÝch Long bµo	0;108;14	7	200;600;1800	4			10
98	1		0;109;14	7	200;600;1800	4			10
99	1		0;110;14	7	200;600;1800	4			10
97	2	L«i Ng©n Gi¸p	0;108;32	7	200;600;1800	4			10
98	2		0;109;32	7	200;600;1800	4			10
99	2		0;110;32	7	200;600;1800	4			10
97	3	Minh Quang gi¸p	0;108;51	7	200;600;1800	4			10
98	3		0;109;51	7	200;600;1800	4			10
99	3		0;110;51	7	200;600;1800	4			10
97	4	NghÞch V©n §Êu y	0;108;69	7	200;600;1800	4			10
98	4		0;109;69	7	200;600;1800	4			10
99	4		0;110;69	7	200;600;1800	4			10
100	1	Lam K×nh b× gi¸p	0;108;13	7	200;600;1800	4			10
101	1		0;109;13	7	200;600;1800	4			10
102	1		0;110;13	7	200;600;1800	4			10
100	2	ThÇn S¸ch Kim gi¸p	0;108;31	7	200;600;1800	4			10
101	2		0;109;31	7	200;600;1800	4			10
102	2		0;110;31	7	200;600;1800	4			10
100	3	L©n Quang gi¸p	0;108;49	7	200;600;1800	4			10
101	3		0;109;49	7	200;600;1800	4			10
102	3		0;110;49	7	200;600;1800	4			10
100	4	Th¸i Hoa Th­êng	0;108;68	7	200;600;1800	4			10
101	4		0;109;68	7	200;600;1800	4			10
102	4		0;110;68	7	200;600;1800	4			10
103	1	Th­¬ng  Lan y	0;108;12	7	200;600;1800	4			10
104	1		0;109;12	7	200;600;1800	4			10
105	1		0;110;12	7	200;600;1800	4			10
103	2	Thiªn NhÉn y	0;108;30	7	200;600;1800	4			10
104	2		0;109;30	7	200;600;1800	4			10
105	2		0;110;30	7	200;600;1800	4			10
103	3	Hång Nghª Th­êng	0;108;48	7	200;600;1800	4			10
104	3		0;109;48	7	200;600;1800	4			10
105	3		0;110;48	7	200;600;1800	4			10
103	4	Linh Lung Th­êng	0;108;66	7	200;600;1800	4			10
104	4		0;109;66	7	200;600;1800	4			10
105	4		0;110;66	7	200;600;1800	4			10
106	1	Gi¸ng Sinh Trang	0;108;109	7	200;600;1800	4			10
106	2		0;108;110	7	200;600;1800	4			10
106	3		0;108;112	7	200;600;1800	4			10
106	4		0;108;111	7	200;600;1800	4			10
107	1		0;109;109	7	200;600;1800	4			10
107	2		0;109;110	7	200;600;1800	4			10
107	3		0;109;112	7	200;600;1800	4			10
107	4		0;109;111	7	200;600;1800	4			10
108	1		0;110;73	7	200;600;1800	4			10
108	2		0;110;74	7	200;600;1800	4			10
108	3		0;110;76	7	200;600;1800	4			10
108	4		0;110;75	7	200;600;1800	4			10
109	1	NhuyÔn Kim y	0;108;11	7	200;600;1800	4			10
110	1		0;109;11	7	200;600;1800	4			10
111	1		0;110;11	7	200;600;1800	4			10
109	2	Di Nhiªm Kh¸ch y	0;108;29	7	200;600;1800	4			10
110	2		0;109;29	7	200;600;1800	4			10
111	2		0;110;29	7	200;600;1800	4			10
109	3	N÷ KiÖt Th­êng	0;108;46	7	200;600;1800	4			10
110	3		0;109;46	7	200;600;1800	4			10
111	3		0;110;46	7	200;600;1800	4			10
109	4	Thiªn C«ng §Êu y	0;108;65	7	200;600;1800	4			10
110	4		0;109;65	7	200;600;1800	4			10
111	4		0;110;65	7	200;600;1800	4			10
112	1	XÝch §ång trô	0;108;10	7	200;600;1800	4			10
113	1		0;109;10	7	200;600;1800	4			10
114	1		0;110;10	7	200;600;1800	4			10
112	2	Tö Thanh S­¬ng Hoa sam	0;108;28	7	200;600;1800	4			10
113	2		0;109;28	7	200;600;1800	4			10
114	2		0;110;28	7	200;600;1800	4			10
112	3	CÈm Anh Th­êng	0;108;45	7	200;600;1800	4			10
113	3		0;109;45	7	200;600;1800	4			10
114	3		0;110;45	7	200;600;1800	4			10
112	4	û La Th­êng	0;108;64	7	200;600;1800	4			10
113	4		0;109;64	7	200;600;1800	4			10
114	4		0;110;64	7	200;600;1800	4			10
115	1	Thanh S­¬ng bµo	0;108;8	7	200;600;1800	4			10
116	1		0;109;8	7	200;600;1800	4			10
117	1		0;110;8	7	200;600;1800	4			10
115	2	Hoµng Hæ y	0;108;26	7	200;600;1800	4			10
116	2		0;109;26	7	200;600;1800	4			10
117	2		0;110;26	7	200;600;1800	4			10
115	3	Ho¸n Hoa Th­êng	0;108;44	7	200;600;1800	4			10
116	3		0;109;44	7	200;600;1800	4			10
117	3		0;110;44	7	200;600;1800	4			10
115	4	Thiªn Tµm gi¸p y	0;108;63	7	200;600;1800	4			10
116	4		0;109;63	7	200;600;1800	4			10
117	4		0;110;63	7	200;600;1800	4			10
118	1	ThÇn Hµnh phôc	0;108;7	7	200;600;1800	4			10
119	1		0;109;7	7	200;600;1800	4			10
120	1		0;110;7	7	200;600;1800	4			10
118	2	Lôc L©m trang	0;108;25	7	200;600;1800	4			10
119	2		0;109;25	7	200;600;1800	4			10
120	2		0;110;25	7	200;600;1800	4			10
118	3	LuyÖn Gi¸p Th­êng	0;108;43	7	200;600;1800	4			10
119	3		0;109;43	7	200;600;1800	4			10
120	3		0;110;43	7	200;600;1800	4			10
118	4	MËt V©n Sam	0;108;61	7	200;600;1800	4			10
119	4		0;109;61	7	200;600;1800	4			10
120	4		0;110;61	7	200;600;1800	4			10
121	1	YÓm T©m gi¸p	0;108;6	7	200;600;1800	4			10
122	1		0;109;6	7	200;600;1800	4			10
123	1		0;110;6	7	200;600;1800	4			10
121	2	Kim Ngäc Trï sam	0;108;24	7	200;600;1800	4			10
122	2		0;109;24	7	200;600;1800	4			10
123	2		0;110;24	7	200;600;1800	4			10
121	3	Vò LuyÖn Th­êng	0;108;41	7	200;600;1800	4			10
122	3		0;109;41	7	200;600;1800	4			10
123	3		0;110;41	7	200;600;1800	4			10
121	4	Phong Vò Th­êng	0;108;60	7	200;600;1800	4			10
122	4		0;109;60	7	200;600;1800	4			10
123	4		0;110;60	7	200;600;1800	4			10
124	1	Tö C©m Bè Y	0;108;3	7	200;600;1800	4			10
125	1		0;109;3	7	200;600;1800	4			10
126	1		0;110;3	7	200;600;1800	4			10
124	2	Hµo HiÖp y	0;108;23	7	200;600;1800	4			10
125	2		0;109;23	7	200;600;1800	4			10
126	2		0;110;23	7	200;600;1800	4			10
124	3	T©m Ên Th­êng	0;108;40	7	200;600;1800	4			10
125	3		0;109;40	7	200;600;1800	4			10
126	3		0;110;40	7	200;600;1800	4			10
124	4	C©n Qu¾c sam	0;108;59	7	200;600;1800	4			10
125	4		0;109;59	7	200;600;1800	4			10
126	4		0;110;59	7	200;600;1800	4			10
127	1	Bé ThiÕu HiÖp [®Æc gi¸]	0;108;1	7	100;300;900	4			5
128	1		0;109;1	7	100;300;900	4			5
129	1		0;110;1	7	100;300;900	4			5
127	2	Bé ThiÕu HiÖp [®Æc gi¸]	0;108;19	7	100;300;900	4			5
128	2		0;109;19	7	100;300;900	4			5
129	2		0;110;19	7	100;300;900	4			5
127	3	Bé Th¸i Th­êng [®Æc gi¸]	0;108;37	7	100;300;900	4			5
128	3		0;109;37	7	100;300;900	4			5
129	3		0;110;37	7	100;300;900	4			5
127	4	Bé Vò Th­êng [®Æc gi¸]	0;108;55	7	100;300;900	4			5
128	4		0;109;55	7	100;300;900	4			5
129	4		0;110;55	7	100;300;900	4			5
130	1	Bé H¾c T¹o [®Æc gi¸]	0;108;2	7	100;300;900	4			5
131	1		0;109;2	7	100;300;900	4			5
132	1		0;110;2	7	100;300;900	4			5
130	2	Bé ThiÕt Hé [®Æc gi¸]	0;108;20	7	100;300;900	4			5
131	2		0;109;20	7	100;300;900	4			5
132	2		0;110;20	7	100;300;900	4			5
130	3	Bé Tö L¨ng [®Æc gi¸]	0;108;38	7	100;300;900	4			5
131	3		0;109;38	7	100;300;900	4			5
132	3		0;110;38	7	100;300;900	4			5
130	4	Bé Hång V©n [®Æc gi¸]	0;108;56	7	100;300;900	4			5
131	4		0;109;56	7	100;300;900	4			5
132	4		0;110;56	7	100;300;900	4			5
133	1	Bé Bµn Long [®Æc gi¸]	0;108;4	7	100;300;900	4			5
134	1		0;109;4	7	100;300;900	4			5
135	1		0;110;4	7	100;300;900	4			5
133	2	Bé Thó V­¬ng [®Æc gi¸]	0;108;21	7	100;300;900	4			5
134	2		0;109;21	7	100;300;900	4			5
135	2		0;110;21	7	100;300;900	4			5
133	3	Bé Tö Nhung [®Æc gi¸]	0;108;39	7	100;300;900	4			5
134	3		0;109;39	7	100;300;900	4			5
135	3		0;110;39	7	100;300;900	4			5
133	4	Bé Tö KÝnh [®Æc gi¸]	0;108;57	7	100;300;900	4			5
134	4		0;109;57	7	100;300;900	4			5
135	4		0;110;57	7	100;300;900	4			5
136	1	Bé Th­¬ng Lang [®Æc gi¸]	0;108;5	7	100;300;900	4			5
137	1		0;109;5	7	100;300;900	4			5
138	1		0;110;5	7	100;300;900	4			5
136	2	Bé CÈm Ti [®Æc gi¸]	0;108;22	7	100;300;900	4			5
137	2		0;109;22	7	100;300;900	4			5
138	2		0;110;22	7	100;300;900	4			5
136	3	Bé Thiªn Ma [®Æc gi¸]	0;108;42	7	100;300;900	4			5
137	3		0;109;42	7	100;300;900	4			5
138	3		0;110;42	7	100;300;900	4			5
136	4	Bé Linh VËn [®Æc gi¸]	0;108;58	7	100;300;900	4			5
137	4		0;109;58	7	100;300;900	4			5
138	4		0;110;58	7	100;300;900	4			5
139	1	Bé Tham Lang [®Æc gi¸]	0;108;9	7	100;300;900	4			5
140	1		0;109;9	7	100;300;900	4			5
141	1		0;110;9	7	100;300;900	4			5
139	2	Bé ThÇn Ng­u [®Æc gi¸]	0;108;27	7	100;300;900	4			5
140	2		0;109;27	7	100;300;900	4			5
141	2		0;110;27	7	100;300;900	4			5
139	3	Bé Thanh Linh [®Æc gi¸]	0;108;47	7	100;300;900	4			5
140	3		0;109;47	7	100;300;900	4			5
141	3		0;110;47	7	100;300;900	4			5
139	4	Bé Vâ §Êu [®Æc gi¸]	0;108;62	7	100;300;900	4			5
140	4		0;109;62	7	100;300;900	4			5
141	4		0;110;62	7	100;300;900	4			5
142	1	Bé Thiªn Gi¸ng [®Æc gi¸]	0;108;18	7	100;300;900	4			5
143	1		0;109;18	7	100;300;900	4			5
144	1		0;110;18	7	100;300;900	4			5
142	2	Bé Háa Thï [®Æc gi¸]	0;108;34	7	100;300;900	4			5
143	2		0;109;34	7	100;300;900	4			5
144	2		0;110;34	7	100;300;900	4			5
142	3	Bé Hå C¬ [®Æc gi¸]	0;108;50	7	100;300;900	4			5
143	3		0;109;50	7	100;300;900	4			5
144	3		0;110;50	7	100;300;900	4			5
142	4	Bé Thó §Êu [®Æc gi¸]	0;108;67	7	100;300;900	4			5
143	4		0;109;67	7	100;300;900	4			5
144	4		0;110;67	7	100;300;900	4			5
145	1	¢m Hån L­u Kim	0;108;680	7	300;900;2700	4			50
145	2		0;108;681	7	300;900;2700	4			50
145	3		0;108;682	7	300;900;2700	4			50
145	4		0;108;683	7	300;900;2700	4			50
146	1		0;109;680	7	300;900;2700	4			50
146	2		0;109;681	7	300;900;2700	4			50
146	3		0;109;682	7	300;900;2700	4			50
146	4		0;109;683	7	300;900;2700	4			50
147	1		0;110;680	7	300;900;2700	4			50
147	2		0;110;681	7	300;900;2700	4			50
147	3		0;110;682	7	300;900;2700	4			50
147	4		0;110;683	7	300;900;2700	4			50
148	1	T­¬ng KiÕn Huan	0;108;725	7	300;900;2700	4			50
148	2		0;108;726	7	300;900;2700	4			50
148	3		0;108;727	7	300;900;2700	4			50
148	4		0;108;728	7	300;900;2700	4			50
149	1		0;109;725	7	300;900;2700	4			50
149	2		0;109;726	7	300;900;2700	4			50
149	3		0;109;727	7	300;900;2700	4			50
149	4		0;109;728	7	300;900;2700	4			50
150	1		0;110;725	7	300;900;2700	4			50
150	2		0;110;726	7	300;900;2700	4			50
150	3		0;110;727	7	300;900;2700	4			50
150	4		0;110;728	7	300;900;2700	4			50
151	1	ThiÕu Niªn Du	0;108;721	7	300;900;2700	4			50
151	2		0;108;722	7	300;900;2700	4			50
151	3		0;108;723	7	300;900;2700	4			50
151	4		0;108;724	7	300;900;2700	4			50
152	1		0;109;721	7	300;900;2700	4			50
152	2		0;109;722	7	300;900;2700	4			50
152	3		0;109;723	7	300;900;2700	4			50
152	4		0;109;724	7	300;900;2700	4			50
153	1		0;110;721	7	300;900;2700	4			50
153	2		0;110;722	7	300;900;2700	4			50
153	3		0;110;723	7	300;900;2700	4			50
153	4		0;110;724	7	300;900;2700	4			50
154	1	PhÇn Háa ¢m S­¬ng(®æ)[thÕ lùc]	0;108;701	7	300;900;2700	4			50
154	2		0;108;702	7	300;900;2700	4			50
154	3		0;108;703	7	300;900;2700	4			50
154	4		0;108;704	7	300;900;2700	4			50
155	1		0;109;701	7	300;900;2700	4			50
155	2		0;109;702	7	300;900;2700	4			50
155	3		0;109;703	7	300;900;2700	4			50
155	4		0;109;704	7	300;900;2700	4			50
156	1		0;110;701	7	300;900;2700	4			50
156	2		0;110;702	7	300;900;2700	4			50
156	3		0;110;703	7	300;900;2700	4			50
156	4		0;110;704	7	300;900;2700	4			50
157	1	PhÇn Háa ¢m S­¬ng(vµng)[thÕ lùc]	0;108;705	7	300;900;2700	4			50
157	2		0;108;706	7	300;900;2700	4			50
157	3		0;108;707	7	300;900;2700	4			50
157	4		0;108;708	7	300;900;2700	4			50
158	1		0;109;705	7	300;900;2700	4			50
158	2		0;109;706	7	300;900;2700	4			50
158	3		0;109;707	7	300;900;2700	4			50
158	4		0;109;708	7	300;900;2700	4			50
159	1		0;110;705	7	300;900;2700	4			50
159	2		0;110;706	7	300;900;2700	4			50
159	3		0;110;707	7	300;900;2700	4			50
159	4		0;110;708	7	300;900;2700	4			50
160	1	PhÇn Háa ¢m S­¬ng(®en)[thÕ lùc]	0;108;709	7	300;900;2700	4			50
160	2		0;108;710	7	300;900;2700	4			50
160	3		0;108;711	7	300;900;2700	4			50
160	4		0;108;712	7	300;900;2700	4			50
161	1		0;109;709	7	300;900;2700	4			50
161	2		0;109;710	7	300;900;2700	4			50
161	3		0;109;711	7	300;900;2700	4			50
161	4		0;109;712	7	300;900;2700	4			50
162	1		0;110;709	7	300;900;2700	4			50
162	2		0;110;710	7	300;900;2700	4			50
162	3		0;110;711	7	300;900;2700	4			50
162	4		0;110;712	7	300;900;2700	4			50
163	1	Song §¸n Trang	0;108;901	7	2500;7500;22500	4			50
163	2		0;108;902	7	2500;7500;22500	4			50
163	3		0;108;903	7	2500;7500;22500	4			50
163	4		0;108;904	7	2500;7500;22500	4			50
164	1		0;109;901	7	2500;7500;22500	4			100
164	2		0;109;902	7	2500;7500;22500	4			100
164	3		0;109;903	7	2500;7500;22500	4			100
164	4		0;109;904	7	2500;7500;22500	4			100
165	1		0;110;901	7	2500;7500;22500	4			100
165	2		0;110;902	7	2500;7500;22500	4			100
165	3		0;110;903	7	2500;7500;22500	4			100
165	4		0;110;904	7	2500;7500;22500	4			100
166	1	Khæng T­íc Minh V­¬ng Trang	0;108;929	7	2500;7500;22500	10			50
166	2		0;108;930	7	2500;7500;22500	10			50
166	3		0;108;931	7	2500;7500;22500	10			50
166	4		0;108;932	7	2500;7500;22500	10			50
167	1		0;109;929	7	2500;7500;22500	10			100
167	2		0;109;930	7	2500;7500;22500	10			100
167	3		0;109;931	7	2500;7500;22500	10			100
167	4		0;109;932	7	2500;7500;22500	10			100
168	1		0;110;929	7	2500;7500;22500	10			100
168	2		0;110;930	7	2500;7500;22500	10			100
168	3		0;110;931	7	2500;7500;22500	10			100
168	4		0;110;932	7	2500;7500;22500	10			100
169	1	Mò Ho¸n Hïng	0;108;622	7	2500;7500;22500	10			50
169	2		0;108;623	7	2500;7500;22500	10			50
169	3		0;108;624	7	2500;7500;22500	10			50
169	4		0;108;625	7	2500;7500;22500	10			50
170	1	Tö D¹ Trang	0;108;825	7	2500;7500;22500	10			50
170	2		0;108;826	7	2500;7500;22500	10			50
170	3		0;108;827	7	2500;7500;22500	10			50
170	4		0;108;828	7	2500;7500;22500	10			50
171	1		0;109;825	7	2500;7500;22500	10			100
171	2		0;109;826	7	2500;7500;22500	10			100
171	3		0;109;827	7	2500;7500;22500	10			100
171	4		0;109;828	7	2500;7500;22500	10			100
172	1		0;110;825	7	2500;7500;22500	10			100
172	2		0;110;826	7	2500;7500;22500	10			100
172	3		0;110;827	7	2500;7500;22500	10			100
172	4		0;110;828	7	2500;7500;22500	10			100
173	1	Cung Th­¬ng Gi¸c Vò	0;108;937	7	2500;7500;22500	10			50
173	2		0;108;938	7	2500;7500;22500	10			50
173	3		0;108;939	7	2500;7500;22500	10			50
173	4		0;108;940	7	2500;7500;22500	10			50
174	1		0;109;937	7	2500;7500;22500	10			100
174	2		0;109;938	7	2500;7500;22500	10			100
174	3		0;109;939	7	2500;7500;22500	10			100
174	4		0;109;940	7	2500;7500;22500	10			100
175	1		0;110;937	7	2500;7500;22500	10			100
175	2		0;110;938	7	2500;7500;22500	10			100
175	3		0;110;939	7	2500;7500;22500	10			100
175	4		0;110;940	7	2500;7500;22500	10			100
176	1	Thiªn Vò Cµ Sa	0;108;713	7	2500;7500;22500	10			200
176	2		0;108;714	7	2500;7500;22500	10			200
176	3		0;108;715	7	2500;7500;22500	10			200
176	4		0;108;716	7	2500;7500;22500	10			200
177	1		0;109;713	7	2500;7500;22500	10			200
177	2		0;109;714	7	2500;7500;22500	10			200
177	3		0;109;715	7	2500;7500;22500	10			200
177	4		0;109;716	7	2500;7500;22500	10			200
178	1		0;110;713	7	2500;7500;22500	10			200
178	2		0;110;714	7	2500;7500;22500	10			200
178	3		0;110;715	7	2500;7500;22500	10			200
178	4		0;110;716	7	2500;7500;22500	10			200
179	1	DiÖp Th­îng Thu Phong Trang	0;108;953	7	2500;7500;22500	10			200
179	2		0;108;954	7	2500;7500;22500	10			200
179	3		0;108;955	7	2500;7500;22500	10			200
179	4		0;108;956	7	2500;7500;22500	10			200
180	1		0;109;953	7	2500;7500;22500	10			200
180	2		0;109;954	7	2500;7500;22500	10			200
180	3		0;109;955	7	2500;7500;22500	10			200
180	4		0;109;956	7	2500;7500;22500	10			200
181	1		0;110;953	7	2500;7500;22500	10			200
181	2		0;110;954	7	2500;7500;22500	10			200
181	3		0;110;955	7	2500;7500;22500	10			200
181	4		0;110;956	7	2500;7500;22500	10			200
182	1	TiÒn Long Trang	0;108;837	7	2500;7500;22500	10			25
182	2		0;108;838	7	2500;7500;22500	10			25
182	3		0;108;839	7	2500;7500;22500	10			25
182	4		0;108;840	7	2500;7500;22500	10			25
183	1		0;109;837	7	2500;7500;22500	10			25
183	2		0;109;838	7	2500;7500;22500	10			25
183	3		0;109;839	7	2500;7500;22500	10			25
183	4		0;109;840	7	2500;7500;22500	10			25
184	1		0;110;837	7	2500;7500;22500	10			25
184	2		0;110;838	7	2500;7500;22500	10			25
184	3		0;110;839	7	2500;7500;22500	10			25
184	4		0;110;840	7	2500;7500;22500	10			25
185	1	ChØ Thñy Trang	0;108;833	7	2500;7500;22500	10			25
185	2		0;108;834	7	2500;7500;22500	10			25
185	3		0;108;835	7	2500;7500;22500	10			25
185	4		0;108;836	7	2500;7500;22500	10			25
186	1		0;109;833	7	2500;7500;22500	10			25
186	2		0;109;834	7	2500;7500;22500	10			25
186	3		0;109;835	7	2500;7500;22500	10			25
186	4		0;109;836	7	2500;7500;22500	10			25
187	1		0;110;833	7	2500;7500;22500	10			25
187	2		0;110;834	7	2500;7500;22500	10			25
187	3		0;110;835	7	2500;7500;22500	10			25
187	4		0;110;836	7	2500;7500;22500	10			25
188	1	XÝch Viªn Léng H¹c Trang	0;108;985	7	2500;7500;22500	10			50
188	2		0;108;986	7	2500;7500;22500	10			50
188	3		0;108;987	7	2500;7500;22500	10			50
188	4		0;108;988	7	2500;7500;22500	10			50
189	1		0;109;985	7	2500;7500;22500	10			100
189	2		0;109;986	7	2500;7500;22500	10			100
189	3		0;109;987	7	2500;7500;22500	10			100
189	4		0;109;988	7	2500;7500;22500	10			100
190	1		0;110;985	7	2500;7500;22500	10			100
190	2		0;110;986	7	2500;7500;22500	10			100
190	3		0;110;987	7	2500;7500;22500	10			100
190	4		0;110;988	7	2500;7500;22500	10			100
191	1	Trang	0;108;811	7	2500;7500;22500	10			50
191	2		0;108;812	7	2500;7500;22500	10			50
191	3		0;108;813	7	2500;7500;22500	10			50
191	4		0;108;814	7	2500;7500;22500	10			50
192	1		0;109;811	7	2500;7500;22500	10			50
192	2		0;109;812	7	2500;7500;22500	10			50
192	3		0;109;813	7	2500;7500;22500	10			50
192	4		0;109;814	7	2500;7500;22500	10			50
193	1		0;110;811	7	2500;7500;22500	10			50
193	2		0;110;812	7	2500;7500;22500	10			50
193	3		0;110;813	7	2500;7500;22500	10			50
193	4		0;110;814	7	2500;7500;22500	10			50
194	1	ChÝnh D­¬ng trang	0;108;668	7	2500;7500;22500	10			25
194	2		0;108;669	7	2500;7500;22500	10			25
194	3		0;108;670	7	2500;7500;22500	10			25
194	4		0;108;671	7	2500;7500;22500	10			25
195	1		0;109;668	7	2500;7500;22500	10			25
195	2		0;109;669	7	2500;7500;22500	10			25
195	3		0;109;670	7	2500;7500;22500	10			25
195	4		0;109;671	7	2500;7500;22500	10			25
196	1		0;110;668	7	2500;7500;22500	10			25
196	2		0;110;669	7	2500;7500;22500	10			25
196	3		0;110;670	7	2500;7500;22500	10			25
196	4		0;110;671	7	2500;7500;22500	10			25
197	1	ThÇn Xµ trang	0;108;717	7	2500;7500;22500	10			25
197	2		0;108;718	7	2500;7500;22500	10			25
197	3		0;108;719	7	2500;7500;22500	10			25
197	4		0;108;720	7	2500;7500;22500	10			25
198	1		0;109;717	7	2500;7500;22500	10			25
198	2		0;109;718	7	2500;7500;22500	10			25
198	3		0;109;719	7	2500;7500;22500	10			25
198	4		0;109;720	7	2500;7500;22500	10			25
199	1		0;110;717	7	2500;7500;22500	10			25
199	2		0;110;718	7	2500;7500;22500	10			25
199	3		0;110;719	7	2500;7500;22500	10			25
199	4		0;110;720	7	2500;7500;22500	10			25
200	1	Hµo KhÝ trang	0;108;10009	7	2500;7500;22500	10			25
200	2		0;108;10010	7	2500;7500;22500	10			25
200	3		0;108;10011	7	2500;7500;22500	10			25
200	4		0;108;10012	7	2500;7500;22500	10			25
201	1		0;109;10009	7	2500;7500;22500	10			25
201	2		0;109;10010	7	2500;7500;22500	10			25
201	3		0;109;10011	7	2500;7500;22500	10			25
201	4		0;109;10012	7	2500;7500;22500	10			25
202	1		0;110;10009	7	2500;7500;22500	10			25
202	2		0;110;10010	7	2500;7500;22500	10			25
202	3		0;110;10011	7	2500;7500;22500	10			25
202	4		0;110;10012	7	2500;7500;22500	10			25
203	1	Linh KhÝ trang	0;108;10021	7	2500;7500;22500	10			25
203	2		0;108;10022	7	2500;7500;22500	10			25
203	3		0;108;10023	7	2500;7500;22500	10			25
203	4		0;108;10024	7	2500;7500;22500	10			25
204	1		0;109;10021	7	2500;7500;22500	10			25
204	2		0;109;10022	7	2500;7500;22500	10			25
204	3		0;109;10023	7	2500;7500;22500	10			25
204	4		0;109;10024	7	2500;7500;22500	10			25
205	1		0;110;10021	7	2500;7500;22500	10			25
205	2		0;110;10022	7	2500;7500;22500	10			25
205	3		0;110;10023	7	2500;7500;22500	10			25
205	4		0;110;10024	7	2500;7500;22500	10			25
206	1	L«i Hæ trang	0;108;10001	7	2500;7500;22500	10			50
206	2		0;108;10002	7	2500;7500;22500	10			50
206	3		0;108;10003	7	2500;7500;22500	10			50
206	4		0;108;10004	7	2500;7500;22500	10			50
207	1		0;109;10001	7	2500;7500;22500	10			50
207	2		0;109;10002	7	2500;7500;22500	10			50
207	3		0;109;10003	7	2500;7500;22500	10			50
207	4		0;109;10004	7	2500;7500;22500	10			50
208	1		0;110;10001	7	2500;7500;22500	10			50
208	2		0;110;10002	7	2500;7500;22500	10			50
208	3		0;110;10003	7	2500;7500;22500	10			50
208	4		0;110;10004	7	2500;7500;22500	10			50
209	1	L«i Hæ Gi¸ng L©m trang	0;108;10005	7	2500;7500;22500	10			50
209	2		0;108;10006	7	2500;7500;22500	10			50
209	3		0;108;10007	7	2500;7500;22500	10			50
209	4		0;108;10008	7	2500;7500;22500	10			50
210	1		0;109;10005	7	2500;7500;22500	10			50
210	2		0;109;10006	7	2500;7500;22500	10			50
210	3		0;109;10007	7	2500;7500;22500	10			50
210	4		0;109;10008	7	2500;7500;22500	10			50
211	1		0;110;10005	7	2500;7500;22500	10			50
211	2		0;110;10006	7	2500;7500;22500	10			50
211	3		0;110;10007	7	2500;7500;22500	10			50
211	4		0;110;10008	7	2500;7500;22500	10			50
212	1	Háa Phông trang	0;108;10013	7	2500;7500;22500	10			50
212	2		0;108;10014	7	2500;7500;22500	10			50
212	3		0;108;10015	7	2500;7500;22500	10			50
212	4		0;108;10016	7	2500;7500;22500	10			50
213	1		0;109;10013	7	2500;7500;22500	10			50
213	2		0;109;10014	7	2500;7500;22500	10			50
213	3		0;109;10015	7	2500;7500;22500	10			50
213	4		0;109;10016	7	2500;7500;22500	10			50
214	1		0;110;10013	7	2500;7500;22500	10			50
214	2		0;110;10014	7	2500;7500;22500	10			50
214	3		0;110;10015	7	2500;7500;22500	10			50
214	4		0;110;10016	7	2500;7500;22500	10			50
215	1	Háa Phông Gi¸ng ThÕ trang	0;108;10017	7	2500;7500;22500	10			50
215	2		0;108;10018	7	2500;7500;22500	10			50
215	3		0;108;10019	7	2500;7500;22500	10			50
215	4		0;108;10020	7	2500;7500;22500	10			50
216	1		0;109;10017	7	2500;7500;22500	10			50
216	2		0;109;10018	7	2500;7500;22500	10			50
216	3		0;109;10019	7	2500;7500;22500	10			50
216	4		0;109;10020	7	2500;7500;22500	10			50
217	1		0;110;10017	7	2500;7500;22500	10			50
217	2		0;110;10018	7	2500;7500;22500	10			50
217	3		0;110;10019	7	2500;7500;22500	10			50
217	4		0;110;10020	7	2500;7500;22500	10			50
218	1	ChÝch V©n trang	0;108;578	7	2500;7500;22500	10			200
218	2		0;108;579	7	2500;7500;22500	10			200
218	3		0;108;580	7	2500;7500;22500	10			200
218	4		0;108;581	7	2500;7500;22500	10			200
219	1		0;109;578	7	2500;7500;22500	10			200
219	2		0;109;579	7	2500;7500;22500	10			200
219	3		0;109;580	7	2500;7500;22500	10			200
219	4		0;109;581	7	2500;7500;22500	10			200
220	1		0;110;578	7	2500;7500;22500	10			200
220	2		0;110;579	7	2500;7500;22500	10			200
220	3		0;110;580	7	2500;7500;22500	10			200
220	4		0;110;581	7	2500;7500;22500	10			200
221	1	Thanh S­¬ng trang	0;108;634	7	2500;7500;22500	10			250
221	2		0;108;635	7	2500;7500;22500	10			250
221	3		0;108;636	7	2500;7500;22500	10			250
221	4		0;108;637	7	2500;7500;22500	10			250
222	1		0;109;634	7	2500;7500;22500	10			250
222	2		0;109;635	7	2500;7500;22500	10			250
222	3		0;109;636	7	2500;7500;22500	10			250
222	4		0;109;637	7	2500;7500;22500	10			250
223	1		0;110;634	7	2500;7500;22500	10			250
223	2		0;110;635	7	2500;7500;22500	10			250
223	3		0;110;636	7	2500;7500;22500	10			250
223	4		0;110;637	7	2500;7500;22500	10			250
224	1	Xu©n ý Trang	0;108;1005	7	2500;7500;22500	10			250
224	2		0;108;1006	7	2500;7500;22500	10			250
224	3		0;108;1007	7	2500;7500;22500	10			250
224	4		0;108;1008	7	2500;7500;22500	10			250
225	1		0;109;1005	7	2500;7500;22500	10			250
225	2		0;109;1006	7	2500;7500;22500	10			250
225	3		0;109;1007	7	2500;7500;22500	10			250
225	4		0;109;1008	7	2500;7500;22500	10			250
226	1		0;110;1005	7	2500;7500;22500	10			250
226	2		0;110;1006	7	2500;7500;22500	10			250
226	3		0;110;1007	7	2500;7500;22500	10			250
226	4		0;110;1008	7	2500;7500;22500	10			250
227	1	VÊn T×nh Trang	0;108;1009	7	2500;7500;22500	10			250
227	2		0;108;1010	7	2500;7500;22500	10			250
227	3		0;108;1011	7	2500;7500;22500	10			250
227	4		0;108;1012	7	2500;7500;22500	10			250
228	1		0;109;1009	7	2500;7500;22500	10			250
228	2		0;109;1010	7	2500;7500;22500	10			250
228	3		0;109;1011	7	2500;7500;22500	10			250
228	4		0;109;1012	7	2500;7500;22500	10			250
229	1		0;110;1009	7	2500;7500;22500	10			250
229	2		0;110;1010	7	2500;7500;22500	10			250
229	3		0;110;1011	7	2500;7500;22500	10			250
229	4		0;110;1012	7	2500;7500;22500	10			250
230	1	X¶o  Trang	0;108;1053	7	2500;7500;22500	10			250
230	2		0;108;1054	7	2500;7500;22500	10			250
230	3		0;108;1055	7	2500;7500;22500	10			250
230	4		0;108;1056	7	2500;7500;22500	10			250
231	1		0;109;1053	7	2500;7500;22500	10			250
231	2		0;109;1054	7	2500;7500;22500	10			250
231	3		0;109;1055	7	2500;7500;22500	10			250
231	4		0;109;1056	7	2500;7500;22500	10			250
232	1		0;110;1053	7	2500;7500;22500	10			250
232	2		0;110;1054	7	2500;7500;22500	10			250
232	3		0;110;1055	7	2500;7500;22500	10			250
232	4		0;110;1056	7	2500;7500;22500	10			250
233	1	Thñ TuÕ Trang	0;108;905	7	2500;7500;22500	10			250
233	2		0;108;906	7	2500;7500;22500	10			250
233	3		0;108;907	7	2500;7500;22500	10			250
233	4		0;108;908	7	2500;7500;22500	10			250
234	1		0;109;905	7	2500;7500;22500	10			250
234	2		0;109;906	7	2500;7500;22500	10			250
234	3		0;109;907	7	2500;7500;22500	10			250
234	4		0;109;908	7	2500;7500;22500	10			250
235	1		0;110;905	7	2500;7500;22500	10			250
235	2		0;110;906	7	2500;7500;22500	10			250
235	3		0;110;907	7	2500;7500;22500	10			250
235	4		0;110;908	7	2500;7500;22500	10			250
236	1	Tiªu Dao Trang (Lôc)	0;108;819	7	2500;7500;22500	10			250
236	2		0;108;824	7	2500;7500;22500	10			250
236	3		0;108;408	7	2500;7500;22500	10			250
236	4		0;108;398	7	2500;7500;22500	10			250
237	1		0;109;819	7	2500;7500;22500	10			250
237	2		0;109;824	7	2500;7500;22500	10			250
237	3		0;109;408	7	2500;7500;22500	10			250
237	4		0;109;398	7	2500;7500;22500	10			250
238	1		0;110;819	7	2500;7500;22500	10			250
238	2		0;110;824	7	2500;7500;22500	10			250
238	3		0;110;208	7	2500;7500;22500	10			250
238	4		0;110;198	7	2500;7500;22500	10			250
239	1	Phong L­u	0;108;797	7	2500;7500;22500	10			250
239	2		0;108;798	7	2500;7500;22500	10			250
239	3		0;108;799	7	2500;7500;22500	10			250
239	4		0;108;800	7	2500;7500;22500	10			250
240	1		0;109;797	7	2500;7500;22500	10			250
240	2		0;109;798	7	2500;7500;22500	10			250
240	3		0;109;799	7	2500;7500;22500	10			250
240	4		0;109;800	7	2500;7500;22500	10			250
241	1		0;110;797	7	2500;7500;22500	10			250
241	2		0;110;798	7	2500;7500;22500	10			250
241	3		0;110;799	7	2500;7500;22500	10			250
241	4		0;110;800	7	2500;7500;22500	10			250
242	1	Tiªu Dao Trang (Lam)	0;108;816	7	2500;7500;22500	10			250
242	2		0;108;821	7	2500;7500;22500	10			250
242	3		0;108;410	7	2500;7500;22500	10			250
242	4		0;108;400	7	2500;7500;22500	10			250
243	1		0;109;816	7	2500;7500;22500	10			250
243	2		0;109;821	7	2500;7500;22500	10			250
243	3		0;109;410	7	2500;7500;22500	10			250
243	4		0;109;400	7	2500;7500;22500	10			250
244	1		0;110;816	7	2500;7500;22500	10			250
244	2		0;110;821	7	2500;7500;22500	10			250
244	3		0;110;210	7	2500;7500;22500	10			250
244	4		0;110;200	7	2500;7500;22500	10			250
245	1	Duy Ng· Trang	0;108;793	7	2500;7500;22500	10			250
245	2		0;108;794	7	2500;7500;22500	10			250
245	3		0;108;795	7	2500;7500;22500	10			250
245	4		0;108;796	7	2500;7500;22500	10			250
246	1		0;109;793	7	2500;7500;22500	10			250
246	2		0;109;794	7	2500;7500;22500	10			250
246	3		0;109;795	7	2500;7500;22500	10			250
246	4		0;109;796	7	2500;7500;22500	10			250
247	1		0;110;793	7	2500;7500;22500	10			250
247	2		0;110;794	7	2500;7500;22500	10			250
247	3		0;110;795	7	2500;7500;22500	10			250
247	4		0;110;796	7	2500;7500;22500	10			250
248	3	Håi TuyÕt Trang	0;108;801	7	2500;7500;22500	10			250
248	4		0;108;802	7	2500;7500;22500	10			250
249	3		0;109;801	7	2500;7500;22500	10			250
249	4		0;109;802	7	2500;7500;22500	10			250
250	3		0;110;801	7	2500;7500;22500	10			250
250	4		0;110;802	7	2500;7500;22500	10			250
251	1	Kim Lò trang	0;108;829	7	2500;7500;22500	10			250
251	2		0;108;830	7	2500;7500;22500	10			250
251	3		0;108;831	7	2500;7500;22500	10			250
251	4		0;108;832	7	2500;7500;22500	10			250
252	1		0;109;829	7	2500;7500;22500	10			250
252	2		0;109;830	7	2500;7500;22500	10			250
252	3		0;109;831	7	2500;7500;22500	10			250
252	4		0;109;832	7	2500;7500;22500	10			250
253	1		0;110;829	7	2500;7500;22500	10			250
253	2		0;110;830	7	2500;7500;22500	10			250
253	3		0;110;831	7	2500;7500;22500	10			250
253	4		0;110;832	7	2500;7500;22500	10			250
254	1	Tam Thanh Trang	0;108;841	7	2500;7500;22500	10			250
254	2		0;108;842	7	2500;7500;22500	10			250
254	3		0;108;843	7	2500;7500;22500	10			250
254	4		0;108;844	7	2500;7500;22500	10			250
255	1		0;109;841	7	2500;7500;22500	10			250
255	2		0;109;842	7	2500;7500;22500	10			250
255	3		0;109;843	7	2500;7500;22500	10			250
255	4		0;109;844	7	2500;7500;22500	10			250
256	1		0;110;841	7	2500;7500;22500	10			250
256	2		0;110;842	7	2500;7500;22500	10			250
256	3		0;110;843	7	2500;7500;22500	10			250
256	4		0;110;844	7	2500;7500;22500	10			250
257	1	Lª Viªn Trang	0;108;845	7	2500;7500;22500	10			250
257	2		0;108;846	7	2500;7500;22500	10			250
257	3		0;108;847	7	2500;7500;22500	10			250
257	4		0;108;848	7	2500;7500;22500	10			250
258	1		0;109;845	7	2500;7500;22500	10			250
258	2		0;109;846	7	2500;7500;22500	10			250
258	3		0;109;847	7	2500;7500;22500	10			250
258	4		0;109;848	7	2500;7500;22500	10			250
259	1		0;110;845	7	2500;7500;22500	10			250
259	2		0;110;846	7	2500;7500;22500	10			250
259	3		0;110;847	7	2500;7500;22500	10			250
259	4		0;110;848	7	2500;7500;22500	10			250
260	1	Phong Yªn Trang	0;108;849	7	2500;7500;22500	10			250
260	2		0;108;850	7	2500;7500;22500	10			250
260	3		0;108;851	7	2500;7500;22500	10			250
260	4		0;108;852	7	2500;7500;22500	10			250
261	1		0;109;849	7	2500;7500;22500	10			250
261	2		0;109;850	7	2500;7500;22500	10			250
261	3		0;109;851	7	2500;7500;22500	10			250
261	4		0;109;852	7	2500;7500;22500	10			250
262	1		0;110;849	7	2500;7500;22500	10			250
262	2		0;110;850	7	2500;7500;22500	10			250
262	3		0;110;851	7	2500;7500;22500	10			250
262	4		0;110;852	7	2500;7500;22500	10			250
263	1	Lôc Thï Trang	0;108;853	7	2500;7500;22500	10			250
263	2		0;108;854	7	2500;7500;22500	10			250
263	3		0;108;855	7	2500;7500;22500	10			250
263	4		0;108;856	7	2500;7500;22500	10			250
264	1		0;109;853	7	2500;7500;22500	10			250
264	2		0;109;854	7	2500;7500;22500	10			250
264	3		0;109;855	7	2500;7500;22500	10			250
264	4		0;109;856	7	2500;7500;22500	10			250
265	1		0;110;853	7	2500;7500;22500	10			250
265	2		0;110;854	7	2500;7500;22500	10			250
265	3		0;110;855	7	2500;7500;22500	10			250
265	4		0;110;856	7	2500;7500;22500	10			250
266	1	Chiªu Ch­¬ng Trang	0;108;857	7	2500;7500;22500	10			250
266	2		0;108;858	7	2500;7500;22500	10			250
266	3		0;108;859	7	2500;7500;22500	10			250
266	4		0;108;860	7	2500;7500;22500	10			250
267	1		0;109;857	7	2500;7500;22500	10			250
267	2		0;109;858	7	2500;7500;22500	10			250
267	3		0;109;859	7	2500;7500;22500	10			250
267	4		0;109;860	7	2500;7500;22500	10			250
268	1		0;110;857	7	2500;7500;22500	10			250
268	2		0;110;858	7	2500;7500;22500	10			250
268	3		0;110;859	7	2500;7500;22500	10			250
268	4		0;110;860	7	2500;7500;22500	10			250
269	1	B¸ch §éc Trang	0;108;861	7	2500;7500;22500	10			250
269	2		0;108;862	7	2500;7500;22500	10			250
269	3		0;108;863	7	2500;7500;22500	10			250
269	4		0;108;864	7	2500;7500;22500	10			250
270	1		0;109;861	7	2500;7500;22500	10			250
270	2		0;109;862	7	2500;7500;22500	10			250
270	3		0;109;863	7	2500;7500;22500	10			250
270	4		0;109;864	7	2500;7500;22500	10			250
271	1		0;110;861	7	2500;7500;22500	10			250
271	2		0;110;862	7	2500;7500;22500	10			250
271	3		0;110;863	7	2500;7500;22500	10			250
271	4		0;110;864	7	2500;7500;22500	10			250
272	1	Ng« C©u Trang	0;108;865	7	2500;7500;22500	10			250
272	2		0;108;866	7	2500;7500;22500	10			250
272	3		0;108;867	7	2500;7500;22500	10			250
272	4		0;108;868	7	2500;7500;22500	10			250
273	1		0;109;865	7	2500;7500;22500	10			250
273	2		0;109;866	7	2500;7500;22500	10			250
273	3		0;109;867	7	2500;7500;22500	10			250
273	4		0;109;868	7	2500;7500;22500	10			250
274	1		0;110;865	7	2500;7500;22500	10			250
274	2		0;110;866	7	2500;7500;22500	10			250
274	3		0;110;867	7	2500;7500;22500	10			250
274	4		0;110;868	7	2500;7500;22500	10			250
275	1	Quúnh L©u Trang	0;108;869	7	2500;7500;22500	10			250
275	2		0;108;870	7	2500;7500;22500	10			250
275	3		0;108;871	7	2500;7500;22500	10			250
275	4		0;108;872	7	2500;7500;22500	10			250
276	1		0;109;869	7	2500;7500;22500	10			250
276	2		0;109;870	7	2500;7500;22500	10			250
276	3		0;109;871	7	2500;7500;22500	10			250
276	4		0;109;872	7	2500;7500;22500	10			250
277	1		0;110;869	7	2500;7500;22500	10			250
277	2		0;110;870	7	2500;7500;22500	10			250
277	3		0;110;871	7	2500;7500;22500	10			250
277	4		0;110;872	7	2500;7500;22500	10			250
278	1	HuÖ Lan Trang	0;108;873	7	2500;7500;22500	10			250
278	2		0;108;874	7	2500;7500;22500	10			250
278	3		0;108;875	7	2500;7500;22500	10			250
278	4		0;108;876	7	2500;7500;22500	10			250
279	1		0;109;873	7	2500;7500;22500	10			250
279	2		0;109;874	7	2500;7500;22500	10			250
279	3		0;109;875	7	2500;7500;22500	10			250
279	4		0;109;876	7	2500;7500;22500	10			250
280	1		0;110;873	7	2500;7500;22500	10			250
280	2		0;110;874	7	2500;7500;22500	10			250
280	3		0;110;875	7	2500;7500;22500	10			250
280	4		0;110;876	7	2500;7500;22500	10			250
281	1	Tr­êng Kh«ng Trang	0;108;877	7	2500;7500;22500	10			250
281	2		0;108;878	7	2500;7500;22500	10			250
281	3		0;108;879	7	2500;7500;22500	10			250
281	4		0;108;880	7	2500;7500;22500	10			250
282	1		0;109;877	7	2500;7500;22500	10			250
282	2		0;109;878	7	2500;7500;22500	10			250
282	3		0;109;879	7	2500;7500;22500	10			250
282	4		0;109;880	7	2500;7500;22500	10			250
283	1		0;110;877	7	2500;7500;22500	10			250
283	2		0;110;878	7	2500;7500;22500	10			250
283	3		0;110;879	7	2500;7500;22500	10			250
283	4		0;110;880	7	2500;7500;22500	10			250
284	1	§»ng Tö Lan Trang	0;108;885	7	2500;7500;22500	10			250
284	2		0;108;886	7	2500;7500;22500	10			250
284	3		0;108;887	7	2500;7500;22500	10			250
284	4		0;108;888	7	2500;7500;22500	10			250
285	1		0;109;885	7	2500;7500;22500	10			250
285	2		0;109;886	7	2500;7500;22500	10			250
285	3		0;109;887	7	2500;7500;22500	10			250
285	4		0;109;888	7	2500;7500;22500	10			250
286	1		0;110;885	7	2500;7500;22500	10			250
286	2		0;110;886	7	2500;7500;22500	10			250
286	3		0;110;887	7	2500;7500;22500	10			250
286	4		0;110;888	7	2500;7500;22500	10			250
287	1	L­u Háa Trang	0;108;889	7	2500;7500;22500	10			250
287	2		0;108;890	7	2500;7500;22500	10			250
287	3		0;108;891	7	2500;7500;22500	10			250
287	4		0;108;892	7	2500;7500;22500	10			250
288	1		0;109;889	7	2500;7500;22500	10			250
288	2		0;109;890	7	2500;7500;22500	10			250
288	3		0;109;891	7	2500;7500;22500	10			250
288	4		0;109;892	7	2500;7500;22500	10			250
289	1		0;110;889	7	2500;7500;22500	10			250
289	2		0;110;890	7	2500;7500;22500	10			250
289	3		0;110;891	7	2500;7500;22500	10			250
289	4		0;110;892	7	2500;7500;22500	10			250
290	1	NguyÖt B¹ch Trang	0;108;893	7	2500;7500;22500	10			250
290	2		0;108;894	7	2500;7500;22500	10			250
290	3		0;108;895	7	2500;7500;22500	10			250
290	4		0;108;896	7	2500;7500;22500	10			250
291	1		0;109;893	7	2500;7500;22500	10			250
291	2		0;109;894	7	2500;7500;22500	10			250
291	3		0;109;895	7	2500;7500;22500	10			250
291	4		0;109;896	7	2500;7500;22500	10			250
292	1		0;110;893	7	2500;7500;22500	10			250
292	2		0;110;894	7	2500;7500;22500	10			250
292	3		0;110;895	7	2500;7500;22500	10			250
292	4		0;110;896	7	2500;7500;22500	10			250
293	1	C¬ Linh Trang	0;108;897	7	2500;7500;22500	10			250
293	2		0;108;898	7	2500;7500;22500	10			250
293	3		0;108;899	7	2500;7500;22500	10			250
293	4		0;108;900	7	2500;7500;22500	10			250
294	1		0;109;897	7	2500;7500;22500	10			250
294	2		0;109;898	7	2500;7500;22500	10			250
294	3		0;109;899	7	2500;7500;22500	10			250
294	4		0;109;900	7	2500;7500;22500	10			250
295	1		0;110;897	7	2500;7500;22500	10			250
295	2		0;110;898	7	2500;7500;22500	10			250
295	3		0;110;899	7	2500;7500;22500	10			250
295	4		0;110;900	7	2500;7500;22500	10			250
296	1	Thñ TuÕ TuyÕt Trang	0;108;905	7	2500;7500;22500	10			250
296	2		0;108;906	7	2500;7500;22500	10			250
296	3		0;108;907	7	2500;7500;22500	10			250
296	4		0;108;908	7	2500;7500;22500	10			250
297	1		0;109;905	7	2500;7500;22500	10			250
297	2		0;109;906	7	2500;7500;22500	10			250
297	3		0;109;907	7	2500;7500;22500	10			250
297	4		0;109;908	7	2500;7500;22500	10			250
298	1		0;110;905	7	2500;7500;22500	10			250
298	2		0;110;906	7	2500;7500;22500	10			250
298	3		0;110;907	7	2500;7500;22500	10			250
298	4		0;110;908	7	2500;7500;22500	10			250
299	1	H¹c Quy Trang	0;108;909	7	2500;7500;22500	10			250
299	2		0;108;910	7	2500;7500;22500	10			250
299	3		0;108;911	7	2500;7500;22500	10			250
299	4		0;108;912	7	2500;7500;22500	10			250
300	1		0;109;909	7	2500;7500;22500	10			250
300	2		0;109;910	7	2500;7500;22500	10			250
300	3		0;109;911	7	2500;7500;22500	10			250
300	4		0;109;912	7	2500;7500;22500	10			250
301	1		0;110;909	7	2500;7500;22500	10			250
301	2		0;110;910	7	2500;7500;22500	10			250
301	3		0;110;911	7	2500;7500;22500	10			250
301	4		0;110;912	7	2500;7500;22500	10			250
302	1	Thanh Vò Trang	0;108;913	7	2500;7500;22500	10			250
302	2		0;108;914	7	2500;7500;22500	10			250
302	3		0;108;915	7	2500;7500;22500	10			250
302	4		0;108;916	7	2500;7500;22500	10			250
303	1		0;109;913	7	2500;7500;22500	10			250
303	2		0;109;914	7	2500;7500;22500	10			250
303	3		0;109;915	7	2500;7500;22500	10			250
303	4		0;109;916	7	2500;7500;22500	10			250
304	1		0;110;913	7	2500;7500;22500	10			250
304	2		0;110;914	7	2500;7500;22500	10			250
304	3		0;110;915	7	2500;7500;22500	10			250
304	4		0;110;916	7	2500;7500;22500	10			250
305	1	Hång ¶nh Trang	0;108;917	7	2500;7500;22500	10			250
305	2		0;108;918	7	2500;7500;22500	10			250
305	3		0;108;919	7	2500;7500;22500	10			250
305	4		0;108;920	7	2500;7500;22500	10			250
306	1		0;109;917	7	2500;7500;22500	10			250
306	2		0;109;918	7	2500;7500;22500	10			250
306	3		0;109;919	7	2500;7500;22500	10			250
306	4		0;109;920	7	2500;7500;22500	10			250
307	1		0;110;917	7	2500;7500;22500	10			250
307	2		0;110;918	7	2500;7500;22500	10			250
307	3		0;110;919	7	2500;7500;22500	10			250
307	4		0;110;920	7	2500;7500;22500	10			250
308	1	Nh¹n Kh©u Trang	0;108;921	7	2500;7500;22500	10			250
308	2		0;108;922	7	2500;7500;22500	10			250
308	3		0;108;923	7	2500;7500;22500	10			250
308	4		0;108;924	7	2500;7500;22500	10			250
309	1		0;109;921	7	2500;7500;22500	10			250
309	2		0;109;922	7	2500;7500;22500	10			250
309	3		0;109;923	7	2500;7500;22500	10			250
309	4		0;109;924	7	2500;7500;22500	10			250
310	1		0;110;921	7	2500;7500;22500	10			250
310	2		0;110;922	7	2500;7500;22500	10			250
310	3		0;110;923	7	2500;7500;22500	10			250
310	4		0;110;924	7	2500;7500;22500	10			250
311	1	Gi¶n Thanh Trang	0;108;925	7	2500;7500;22500	10			250
311	2		0;108;926	7	2500;7500;22500	10			250
311	3		0;108;927	7	2500;7500;22500	10			250
311	4		0;108;928	7	2500;7500;22500	10			250
312	1		0;109;925	7	2500;7500;22500	10			250
312	2		0;109;926	7	2500;7500;22500	10			250
312	3		0;109;927	7	2500;7500;22500	10			250
312	4		0;109;928	7	2500;7500;22500	10			250
313	1		0;110;925	7	2500;7500;22500	10			250
313	2		0;110;926	7	2500;7500;22500	10			250
313	3		0;110;927	7	2500;7500;22500	10			250
313	4		0;110;928	7	2500;7500;22500	10			250
314	1	§µo YÓu Trang	0;108;933	7	2500;7500;22500	10			250
314	2		0;108;934	7	2500;7500;22500	10			250
314	3		0;108;935	7	2500;7500;22500	10			250
314	4		0;108;936	7	2500;7500;22500	10			250
315	1		0;109;933	7	2500;7500;22500	10			250
315	2		0;109;934	7	2500;7500;22500	10			250
315	3		0;109;935	7	2500;7500;22500	10			250
315	4		0;109;936	7	2500;7500;22500	10			250
316	1		0;110;933	7	2500;7500;22500	10			250
316	2		0;110;934	7	2500;7500;22500	10			250
316	3		0;110;935	7	2500;7500;22500	10			250
316	4		0;110;936	7	2500;7500;22500	10			250
317	1	VÖ quèc trang	0;108;941	7	2500;7500;22500	10			250
317	2		0;108;942	7	2500;7500;22500	10			250
317	3		0;108;943	7	2500;7500;22500	10			250
317	4		0;108;944	7	2500;7500;22500	10			250
318	1		0;109;941	7	2500;7500;22500	10			250
318	2		0;109;942	7	2500;7500;22500	10			250
318	3		0;109;943	7	2500;7500;22500	10			250
318	4		0;109;944	7	2500;7500;22500	10			250
319	1		0;110;941	7	2500;7500;22500	10			250
319	2		0;110;942	7	2500;7500;22500	10			250
319	3		0;110;943	7	2500;7500;22500	10			250
319	4		0;110;944	7	2500;7500;22500	10			250
320	1	Dao Ca Trang	0;108;957	7	2500;7500;22500	10			250
320	2		0;108;958	7	2500;7500;22500	10			250
320	3		0;108;959	7	2500;7500;22500	10			250
320	4		0;108;960	7	2500;7500;22500	10			250
321	1		0;109;957	7	2500;7500;22500	10			250
321	2		0;109;958	7	2500;7500;22500	10			250
321	3		0;109;959	7	2500;7500;22500	10			250
321	4		0;109;960	7	2500;7500;22500	10			250
322	1		0;110;957	7	2500;7500;22500	10			250
322	2		0;110;958	7	2500;7500;22500	10			250
322	3		0;110;959	7	2500;7500;22500	10			250
322	4		0;110;960	7	2500;7500;22500	10			250
323	1	B¹ch Lé Trang	0;108;961	7	2500;7500;22500	10			250
323	2		0;108;962	7	2500;7500;22500	10			250
323	3		0;108;963	7	2500;7500;22500	10			250
323	4		0;108;964	7	2500;7500;22500	10			250
324	1		0;109;961	7	2500;7500;22500	10			250
324	2		0;109;962	7	2500;7500;22500	10			250
324	3		0;109;963	7	2500;7500;22500	10			250
324	4		0;109;964	7	2500;7500;22500	10			250
325	1		0;110;961	7	2500;7500;22500	10			250
325	2		0;110;962	7	2500;7500;22500	10			250
325	3		0;110;963	7	2500;7500;22500	10			250
325	4		0;110;964	7	2500;7500;22500	10			250
326	1	Khinh Yªn Khè	0;108;965	7	2500;7500;22500	10			250
326	2		0;108;966	7	2500;7500;22500	10			250
326	3		0;108;967	7	2500;7500;22500	10			250
326	4		0;108;968	7	2500;7500;22500	10			250
327	1		0;109;965	7	2500;7500;22500	10			250
327	2		0;109;966	7	2500;7500;22500	10			250
327	3		0;109;967	7	2500;7500;22500	10			250
327	4		0;109;968	7	2500;7500;22500	10			250
328	1		0;110;965	7	2500;7500;22500	10			250
328	2		0;110;966	7	2500;7500;22500	10			250
328	3		0;110;967	7	2500;7500;22500	10			250
328	4		0;110;968	7	2500;7500;22500	10			250
329	1	Di ThÕ Trang	0;108;969	7	2500;7500;22500	10			250
329	2		0;108;970	7	2500;7500;22500	10			250
329	3		0;108;971	7	2500;7500;22500	10			250
329	4		0;108;972	7	2500;7500;22500	10			250
330	1		0;109;969	7	2500;7500;22500	10			250
330	2		0;109;970	7	2500;7500;22500	10			250
330	3		0;109;971	7	2500;7500;22500	10			250
330	4		0;109;972	7	2500;7500;22500	10			250
331	1		0;110;969	7	2500;7500;22500	10			250
331	2		0;110;970	7	2500;7500;22500	10			250
331	3		0;110;971	7	2500;7500;22500	10			250
331	4		0;110;972	7	2500;7500;22500	10			250
332	1	Phong Hång Khè	0;108;973	7	2500;7500;22500	10			250
332	2		0;108;974	7	2500;7500;22500	10			250
332	3		0;108;975	7	2500;7500;22500	10			250
332	4		0;108;976	7	2500;7500;22500	10			250
333	1		0;109;973	7	2500;7500;22500	10			250
333	2		0;109;974	7	2500;7500;22500	10			250
333	3		0;109;975	7	2500;7500;22500	10			250
333	4		0;109;976	7	2500;7500;22500	10			250
334	1		0;110;973	7	2500;7500;22500	10			250
334	2		0;110;974	7	2500;7500;22500	10			250
334	3		0;110;975	7	2500;7500;22500	10			250
334	4		0;110;976	7	2500;7500;22500	10			250
335	1	XÝch T©m Trang	0;108;977	7	2500;7500;22500	10			250
335	2		0;108;978	7	2500;7500;22500	10			250
335	3		0;108;979	7	2500;7500;22500	10			250
335	4		0;108;980	7	2500;7500;22500	10			250
336	1		0;109;977	7	2500;7500;22500	10			250
336	2		0;109;978	7	2500;7500;22500	10			250
336	3		0;109;979	7	2500;7500;22500	10			250
336	4		0;109;980	7	2500;7500;22500	10			250
337	1		0;110;977	7	2500;7500;22500	10			250
337	2		0;110;978	7	2500;7500;22500	10			250
337	3		0;110;979	7	2500;7500;22500	10			250
337	4		0;110;980	7	2500;7500;22500	10			250
338	1	NguyÖt L¹c Trang	0;108;981	7	2500;7500;22500	10			250
338	2		0;108;982	7	2500;7500;22500	10			250
338	3		0;108;983	7	2500;7500;22500	10			250
338	4		0;108;984	7	2500;7500;22500	10			250
339	1		0;109;981	7	2500;7500;22500	10			250
339	2		0;109;982	7	2500;7500;22500	10			250
339	3		0;109;983	7	2500;7500;22500	10			250
339	4		0;109;984	7	2500;7500;22500	10			250
340	1		0;110;981	7	2500;7500;22500	10			250
340	2		0;110;982	7	2500;7500;22500	10			250
340	3		0;110;983	7	2500;7500;22500	10			250
340	4		0;110;984	7	2500;7500;22500	10			250
341	1	D¹ Ch©u Trang	0;108;989	7	2500;7500;22500	10			250
341	2		0;108;990	7	2500;7500;22500	10			250
341	3		0;108;991	7	2500;7500;22500	10			250
341	4		0;108;992	7	2500;7500;22500	10			250
342	1		0;109;989	7	2500;7500;22500	10			250
342	2		0;109;990	7	2500;7500;22500	10			250
342	3		0;109;991	7	2500;7500;22500	10			250
342	4		0;109;992	7	2500;7500;22500	10			250
343	1		0;110;989	7	2500;7500;22500	10			250
343	2		0;110;990	7	2500;7500;22500	10			250
343	3		0;110;991	7	2500;7500;22500	10			250
343	4		0;110;992	7	2500;7500;22500	10			250
344	1	Chu BÝch Trang	0;108;1001	7	2500;7500;22500	10			250
344	2		0;108;1002	7	2500;7500;22500	10			250
344	3		0;108;1003	7	2500;7500;22500	10			250
344	4		0;108;1004	7	2500;7500;22500	10			250
345	1		0;109;1001	7	2500;7500;22500	10			250
345	2		0;109;1002	7	2500;7500;22500	10			250
345	3		0;109;1003	7	2500;7500;22500	10			250
345	4		0;109;1004	7	2500;7500;22500	10			250
346	1		0;110;1001	7	2500;7500;22500	10			250
346	2		0;110;1002	7	2500;7500;22500	10			250
346	3		0;110;1003	7	2500;7500;22500	10			250
346	4		0;110;1004	7	2500;7500;22500	10			250
347	1	VÞ ¦¬ng Trang	0;108;1013	7	2500;7500;22500	10			250
347	2		0;108;1014	7	2500;7500;22500	10			250
347	3		0;108;1015	7	2500;7500;22500	10			250
347	4		0;108;1016	7	2500;7500;22500	10			250
348	1		0;109;1013	7	2500;7500;22500	10			250
348	2		0;109;1014	7	2500;7500;22500	10			250
348	3		0;109;1015	7	2500;7500;22500	10			250
348	4		0;109;1016	7	2500;7500;22500	10			250
349	1		0;110;1013	7	2500;7500;22500	10			250
349	2		0;110;1014	7	2500;7500;22500	10			250
349	3		0;110;1015	7	2500;7500;22500	10			250
349	4		0;110;1016	7	2500;7500;22500	10			250
350	1	Ngäc Kim Trang	0;108;1017	7	2500;7500;22500	10			250
350	2		0;108;1018	7	2500;7500;22500	10			250
350	3		0;108;1019	7	2500;7500;22500	10			250
350	4		0;108;1020	7	2500;7500;22500	10			250
351	1		0;109;1017	7	2500;7500;22500	10			250
351	2		0;109;1018	7	2500;7500;22500	10			250
351	3		0;109;1019	7	2500;7500;22500	10			250
351	4		0;109;1020	7	2500;7500;22500	10			250
352	1		0;110;1017	7	2500;7500;22500	10			250
352	2		0;110;1018	7	2500;7500;22500	10			250
352	3		0;110;1019	7	2500;7500;22500	10			250
352	4		0;110;1020	7	2500;7500;22500	10			250
353	1	L¨ng S­¬ng Trang	0;108;1025	7	2500;7500;22500	10			250
353	2		0;108;1026	7	2500;7500;22500	10			250
353	3		0;108;1027	7	2500;7500;22500	10			250
353	4		0;108;1028	7	2500;7500;22500	10			250
354	1		0;109;1025	7	2500;7500;22500	10			250
354	2		0;109;1026	7	2500;7500;22500	10			250
354	3		0;109;1027	7	2500;7500;22500	10			250
354	4		0;109;1028	7	2500;7500;22500	10			250
355	1		0;110;1025	7	2500;7500;22500	10			250
355	2		0;110;1026	7	2500;7500;22500	10			250
355	3		0;110;1027	7	2500;7500;22500	10			250
355	4		0;110;1028	7	2500;7500;22500	10			250
356	1	Thu TÞch Trang	0;108;1029	7	2500;7500;22500	10			250
356	2		0;108;1030	7	2500;7500;22500	10			250
356	3		0;108;1031	7	2500;7500;22500	10			250
356	4		0;108;1032	7	2500;7500;22500	10			250
357	1		0;109;1029	7	2500;7500;22500	10			250
357	2		0;109;1030	7	2500;7500;22500	10			250
357	3		0;109;1031	7	2500;7500;22500	10			250
357	4		0;109;1032	7	2500;7500;22500	10			250
358	1		0;110;1029	7	2500;7500;22500	10			250
358	2		0;110;1030	7	2500;7500;22500	10			250
358	3		0;110;1031	7	2500;7500;22500	10			250
358	4		0;110;1032	7	2500;7500;22500	10			250
359	1	Vò Ch©u Tran	0;108;1033	7	2500;7500;22500	10			250
359	2		0;108;1034	7	2500;7500;22500	10			250
359	3		0;108;1035	7	2500;7500;22500	10			250
359	4		0;108;1036	7	2500;7500;22500	10			250
360	1		0;109;1033	7	2500;7500;22500	10			250
360	2		0;109;1034	7	2500;7500;22500	10			250
360	3		0;109;1035	7	2500;7500;22500	10			250
360	4		0;109;1036	7	2500;7500;22500	10			250
361	1		0;110;1033	7	2500;7500;22500	10			250
361	2		0;110;1034	7	2500;7500;22500	10			250
361	3		0;110;1035	7	2500;7500;22500	10			250
361	4		0;110;1036	7	2500;7500;22500	10			250
362	1	Hßa Phong Trang	0;108;1037	7	2500;7500;22500	10			250
362	2		0;108;1038	7	2500;7500;22500	10			250
362	3		0;108;1039	7	2500;7500;22500	10			250
362	4		0;108;1040	7	2500;7500;22500	10			250
363	1		0;109;1037	7	2500;7500;22500	10			250
363	2		0;109;1038	7	2500;7500;22500	10			250
363	3		0;109;1039	7	2500;7500;22500	10			250
363	4		0;109;1040	7	2500;7500;22500	10			250
364	1		0;110;1037	7	2500;7500;22500	10			250
364	2		0;110;1038	7	2500;7500;22500	10			250
364	3		0;110;1039	7	2500;7500;22500	10			250
364	4		0;110;1040	7	2500;7500;22500	10			250
365	1	Yªn Vò Trang	0;108;1045	7	2500;7500;22500	10			250
365	2		0;108;1046	7	2500;7500;22500	10			250
365	3		0;108;1047	7	2500;7500;22500	10			250
365	4		0;108;1048	7	2500;7500;22500	10			250
366	1		0;109;1045	7	2500;7500;22500	10			250
366	2		0;109;1046	7	2500;7500;22500	10			250
366	3		0;109;1047	7	2500;7500;22500	10			250
366	4		0;109;1048	7	2500;7500;22500	10			250
367	1		0;110;1045	7	2500;7500;22500	10			250
367	2		0;110;1046	7	2500;7500;22500	10			250
367	3		0;110;1047	7	2500;7500;22500	10			250
367	4		0;110;1048	7	2500;7500;22500	10			250
368	1	Phong Tróc Trang	0;108;1049	7	2500;7500;22500	10			250
368	2		0;108;1050	7	2500;7500;22500	10			250
368	3		0;108;1051	7	2500;7500;22500	10			250
368	4		0;108;1052	7	2500;7500;22500	10			250
369	1		0;109;1049	7	2500;7500;22500	10			250
369	2		0;109;1050	7	2500;7500;22500	10			250
369	3		0;109;1051	7	2500;7500;22500	10			250
369	4		0;109;1052	7	2500;7500;22500	10			250
370	1		0;110;1049	7	2500;7500;22500	10			250
370	2		0;110;1050	7	2500;7500;22500	10			250
370	3		0;110;1051	7	2500;7500;22500	10			250
370	4		0;110;1052	7	2500;7500;22500	10			250
371	1	ChiÕu Yªn Trang	0;108;1057	7	2500;7500;22500	10			250
371	2		0;108;1058	7	2500;7500;22500	10			250
371	3		0;108;1059	7	2500;7500;22500	10			250
371	4		0;108;1060	7	2500;7500;22500	10			250
372	1		0;109;1057	7	2500;7500;22500	10			250
372	2		0;109;1058	7	2500;7500;22500	10			250
372	3		0;109;1059	7	2500;7500;22500	10			250
372	4		0;109;1060	7	2500;7500;22500	10			250
373	1		0;110;1057	7	2500;7500;22500	10			250
373	2		0;110;1058	7	2500;7500;22500	10			250
373	3		0;110;1059	7	2500;7500;22500	10			250
373	4		0;110;1060	7	2500;7500;22500	10			250
374	1	Doanh Tô Trang	0;108;1061	7	2500;7500;22500	10			250
374	2		0;108;1062	7	2500;7500;22500	10			250
374	3		0;108;1063	7	2500;7500;22500	10			250
374	4		0;108;1064	7	2500;7500;22500	10			250
375	1		0;109;1061	7	2500;7500;22500	10			250
375	2		0;109;1062	7	2500;7500;22500	10			250
375	3		0;109;1063	7	2500;7500;22500	10			250
375	4		0;109;1064	7	2500;7500;22500	10			250
376	1		0;110;1061	7	2500;7500;22500	10			250
376	2		0;110;1062	7	2500;7500;22500	10			250
376	3		0;110;1063	7	2500;7500;22500	10			250
376	4		0;110;1064	7	2500;7500;22500	10			250
377	1	Tµn Hµ Trang	0;108;1065	7	2500;7500;22500	10			250
377	2		0;108;1066	7	2500;7500;22500	10			250
377	3		0;108;1067	7	2500;7500;22500	10			250
377	4		0;108;1068	7	2500;7500;22500	10			250
378	1		0;109;1065	7	2500;7500;22500	10			250
378	2		0;109;1066	7	2500;7500;22500	10			250
378	3		0;109;1067	7	2500;7500;22500	10			250
378	4		0;109;1068	7	2500;7500;22500	10			250
379	1		0;110;1065	7	2500;7500;22500	10			250
379	2		0;110;1066	7	2500;7500;22500	10			250
379	3		0;110;1067	7	2500;7500;22500	10			250
379	4		0;110;1068	7	2500;7500;22500	10			250
380	1	Mé Hµn Trang	0;108;1069	7	2500;7500;22500	10			250
380	2		0;108;1070	7	2500;7500;22500	10			250
380	3		0;108;1071	7	2500;7500;22500	10			250
380	4		0;108;1072	7	2500;7500;22500	10			250
381	1		0;109;1069	7	2500;7500;22500	10			250
381	2		0;109;1070	7	2500;7500;22500	10			250
381	3		0;109;1071	7	2500;7500;22500	10			250
381	4		0;109;1072	7	2500;7500;22500	10			250
382	1		0;110;1069	7	2500;7500;22500	10			250
382	2		0;110;1070	7	2500;7500;22500	10			250
382	3		0;110;1071	7	2500;7500;22500	10			250
382	4		0;110;1072	7	2500;7500;22500	10			250
383	1	B¹ch Sa Trang	0;108;1073	7	2500;7500;22500	10			250
383	2		0;108;1074	7	2500;7500;22500	10			250
383	3		0;108;1075	7	2500;7500;22500	10			250
383	4		0;108;1076	7	2500;7500;22500	10			250
384	1		0;109;1073	7	2500;7500;22500	10			250
384	2		0;109;1074	7	2500;7500;22500	10			250
384	3		0;109;1075	7	2500;7500;22500	10			250
384	4		0;109;1076	7	2500;7500;22500	10			250
385	1		0;110;1073	7	2500;7500;22500	10			250
385	2		0;110;1074	7	2500;7500;22500	10			250
385	3		0;110;1075	7	2500;7500;22500	10			250
385	4		0;110;1076	7	2500;7500;22500	10			250
386	1	Mai LiÔu Trang	0;108;1077	7	2500;7500;22500	10			250
386	2		0;108;1078	7	2500;7500;22500	10			250
386	3		0;108;1079	7	2500;7500;22500	10			250
386	4		0;108;1080	7	2500;7500;22500	10			250
387	1		0;109;1077	7	2500;7500;22500	10			250
387	2		0;109;1078	7	2500;7500;22500	10			250
387	3		0;109;1079	7	2500;7500;22500	10			250
387	4		0;109;1080	7	2500;7500;22500	10			250
388	1		0;110;1077	7	2500;7500;22500	10			250
388	2		0;110;1078	7	2500;7500;22500	10			250
388	3		0;110;1079	7	2500;7500;22500	10			250
388	4		0;110;1080	7	2500;7500;22500	10			250
389	1	Hµn Giang Trang	0;108;1081	7	2500;7500;22500	10			250
389	2		0;108;1082	7	2500;7500;22500	10			250
389	3		0;108;1083	7	2500;7500;22500	10			250
389	4		0;108;1084	7	2500;7500;22500	10			250
390	1		0;109;1081	7	2500;7500;22500	10			250
390	2		0;109;1082	7	2500;7500;22500	10			250
390	3		0;109;1083	7	2500;7500;22500	10			250
390	4		0;109;1084	7	2500;7500;22500	10			250
391	1		0;110;1081	7	2500;7500;22500	10			250
391	2		0;110;1082	7	2500;7500;22500	10			250
391	3		0;110;1083	7	2500;7500;22500	10			250
391	4		0;110;1084	7	2500;7500;22500	10			250
392	1	§µm H­¬ng Trang	0;108;1085	7	2500;7500;22500	10			250
392	2		0;108;1086	7	2500;7500;22500	10			250
392	3		0;108;1087	7	2500;7500;22500	10			250
392	4		0;108;1088	7	2500;7500;22500	10			250
393	1		0;109;1085	7	2500;7500;22500	10			250
393	2		0;109;1086	7	2500;7500;22500	10			250
393	3		0;109;1087	7	2500;7500;22500	10			250
393	4		0;109;1088	7	2500;7500;22500	10			250
394	1		0;110;1085	7	2500;7500;22500	10			250
394	2		0;110;1086	7	2500;7500;22500	10			250
394	3		0;110;1087	7	2500;7500;22500	10			250
394	4		0;110;1088	7	2500;7500;22500	10			250
395	1	V·n V©n Trang	0;108;1089	7	2500;7500;22500	10			250
395	2		0;108;1090	7	2500;7500;22500	10			250
395	3		0;108;1091	7	2500;7500;22500	10			250
395	4		0;108;1092	7	2500;7500;22500	10			250
396	1		0;109;1089	7	2500;7500;22500	10			250
396	2		0;109;1090	7	2500;7500;22500	10			250
396	3		0;109;1091	7	2500;7500;22500	10			250
396	4		0;109;1092	7	2500;7500;22500	10			250
397	1		0;110;1089	7	2500;7500;22500	10			250
397	2		0;110;1090	7	2500;7500;22500	10			250
397	3		0;110;1091	7	2500;7500;22500	10			250
397	4		0;110;1092	7	2500;7500;22500	10			250
398	1	BÝch Tiªu Trang	0;108;1093	7	2500;7500;22500	10			250
398	2		0;108;1094	7	2500;7500;22500	10			250
398	3		0;108;1095	7	2500;7500;22500	10			250
398	4		0;108;1096	7	2500;7500;22500	10			250
399	1		0;109;1093	7	2500;7500;22500	10			250
399	2		0;109;1094	7	2500;7500;22500	10			250
399	3		0;109;1095	7	2500;7500;22500	10			250
399	4		0;109;1096	7	2500;7500;22500	10			250
400	1		0;110;1093	7	2500;7500;22500	10			250
400	2		0;110;1094	7	2500;7500;22500	10			250
400	3		0;110;1095	7	2500;7500;22500	10			250
400	4		0;110;1096	7	2500;7500;22500	10			250
401	1	C« Thµnh Trang	0;108;1097	7	2500;7500;22500	10			250
401	2		0;108;1098	7	2500;7500;22500	10			250
401	3		0;108;1099	7	2500;7500;22500	10			250
401	4		0;108;1100	7	2500;7500;22500	10			250
402	1		0;109;1097	7	2500;7500;22500	10			250
402	2		0;109;1098	7	2500;7500;22500	10			250
402	3		0;109;1099	7	2500;7500;22500	10			250
402	4		0;109;1100	7	2500;7500;22500	10			250
403	1		0;110;1097	7	2500;7500;22500	10			250
403	2		0;110;1098	7	2500;7500;22500	10			250
403	3		0;110;1099	7	2500;7500;22500	10			250
403	4		0;110;1100	7	2500;7500;22500	10			250
404	1	Mé Vò Trang	0;108;1101	7	2500;7500;22500	10			250
404	2		0;108;1102	7	2500;7500;22500	10			250
404	3		0;108;1103	7	2500;7500;22500	10			250
404	4		0;108;1104	7	2500;7500;22500	10			250
405	1		0;109;1101	7	2500;7500;22500	10			250
405	2		0;109;1102	7	2500;7500;22500	10			250
405	3		0;109;1103	7	2500;7500;22500	10			250
405	4		0;109;1104	7	2500;7500;22500	10			250
406	1		0;110;1101	7	2500;7500;22500	10			250
406	2		0;110;1102	7	2500;7500;22500	10			250
406	3		0;110;1103	7	2500;7500;22500	10			250
406	4		0;110;1104	7	2500;7500;22500	10			250
407	1	Tiªu Dao Trang (tÝm)	0;108;815	7	2500;7500;22500	10			250
407	2		0;108;820	7	2500;7500;22500	10			250
407	3		0;108;409	7	2500;7500;22500	10			250
407	4		0;108;399	7	2500;7500;22500	10			250
408	1		0;109;815	7	2500;7500;22500	10			250
408	2		0;109;820	7	2500;7500;22500	10			250
408	3		0;109;409	7	2500;7500;22500	10			250
408	4		0;109;399	7	2500;7500;22500	10			250
409	1		0;110;815	7	2500;7500;22500	10			250
409	2		0;110;820	7	2500;7500;22500	10			250
409	3		0;110;209	7	2500;7500;22500	10			250
409	4		0;110;199	7	2500;7500;22500	10			250
410	1	Tiªu Dao Trang (®en)	0;108;818	7	2500;7500;22500	10			250
410	2		0;108;823	7	2500;7500;22500	10			250
411	1		0;109;818	7	2500;7500;22500	10			250
411	2		0;109;823	7	2500;7500;22500	10			250
412	1		0;110;818	7	2500;7500;22500	10			250
412	2		0;110;823	7	2500;7500;22500	10			250
413	3	Tiªu diªu trang (hång m¬ méng)	0;108;411	7	2500;7500;22500	10			250
413	4		0;108;401	7	2500;7500;22500	10			250
414	3		0;109;411	7	2500;7500;22500	10			250
414	4		0;109;401	7	2500;7500;22500	10			250
415	3		0;110;211	7	2500;7500;22500	10			250
415	4		0;110;201	7	2500;7500;22500	10			250
416	3	Tiªu diªu trang (®á hoa hång)	0;108;412	7	2500;7500;22500	10			250
416	4		0;108;402	7	2500;7500;22500	10			250
417	3		0;109;412	7	2500;7500;22500	10			250
417	4		0;109;402	7	2500;7500;22500	10			250
418	3		0;110;212	7	2500;7500;22500	10			250
418	4		0;110;202	7	2500;7500;22500	10			250
419	3	Linh Lung Trang (cam)	0;108;207	7	2500;7500;22500	10			300
419	4		0;108;213	7	2500;7500;22500	10			300
420	3		0;109;281	7	2500;7500;22500	10			300
420	4		0;109;287	7	2500;7500;22500	10			300
421	3		0;110;281	7	2500;7500;22500	10			300
421	4		0;110;287	7	2500;7500;22500	10			300
422	3	Linh Lung Trang (vµng)	0;108;208	7	2500;7500;22500	10			300
422	4		0;108;214	7	2500;7500;22500	10			300
423	3		0;109;282	7	2500;7500;22500	10			300
423	4		0;109;288	7	2500;7500;22500	10			300
424	3		0;110;282	7	2500;7500;22500	10			300
424	4		0;110;288	7	2500;7500;22500	10			300
425	3	Linh Lung Trang (hång)	0;108;209	7	2500;7500;22500	10			300
425	4		0;108;215	7	2500;7500;22500	10			300
426	3		0;109;283	7	2500;7500;22500	10			300
426	4		0;109;289	7	2500;7500;22500	10			300
427	3		0;110;283	7	2500;7500;22500	10			300
427	4		0;110;289	7	2500;7500;22500	10			300
428	3	Linh Lung Trang (tÝm)	0;108;210	7	2500;7500;22500	10			300
428	4		0;108;216	7	2500;7500;22500	10			300
429	3		0;109;284	7	2500;7500;22500	10			300
429	4		0;109;290	7	2500;7500;22500	10			300
430	3		0;110;284	7	2500;7500;22500	10			300
430	4		0;110;290	7	2500;7500;22500	10			300
431	3	Linh Lung Trang (lam)	0;108;211	7	2500;7500;22500	10			300
431	4		0;108;217	7	2500;7500;22500	10			300
432	3		0;109;285	7	2500;7500;22500	10			300
432	4		0;109;291	7	2500;7500;22500	10			300
433	3		0;110;285	7	2500;7500;22500	10			300
433	4		0;110;291	7	2500;7500;22500	10			300
434	3	Linh Lung Trang (lôc)	0;108;212	7	2500;7500;22500	10			300
434	4		0;108;218	7	2500;7500;22500	10			300
435	3		0;109;286	7	2500;7500;22500	10			300
435	4		0;109;292	7	2500;7500;22500	10			300
436	3		0;110;286	7	2500;7500;22500	10			300
436	4		0;110;292	7	2500;7500;22500	10			300
